1;16;403;7
2;27;1169;1
3;21;1935;2
4;11;407;5
5;25;1532;5
6;14;2759;7
7;25;2563;7
8;1;4750;10
9;13;2161;6
10;1;3412;8
11;29;1263;4
12;30;2980;8
13;30;2274;1
14;22;505;10
15;14;4;2
16;28;1108;9
17;4;3590;5
18;29;3379;4
19;25;1710;2
20;2;2516;7
21;12;1860;1
22;8;261;2
23;26;4175;7
24;11;1576;2
25;27;48;1
26;24;832;8
27;10;2993;3
28;10;523;7
29;24;3226;10
30;24;4223;9
31;10;2725;6
32;11;2797;3
33;18;4889;2
34;14;1085;6
35;7;3632;5
36;21;2878;7
37;16;3536;4
38;28;3914;5
39;16;930;5
40;24;4774;9
41;18;781;2
42;22;378;3
43;10;492;6
44;1;62;2
45;6;3110;3
46;21;1046;7
47;22;2096;3
48;20;2990;3
49;13;15;9
50;5;2038;6
51;7;2199;10
52;8;1354;3
53;9;3753;2
54;13;720;1
55;22;1531;7
56;9;442;1
57;24;714;5
58;11;3268;7
59;5;4731;5
60;8;1265;6
61;12;176;8
62;15;1642;8
63;18;3141;10
64;30;3044;9
65;4;444;8
66;19;4655;1
67;21;800;2
68;20;4418;2
69;15;1073;7
70;17;874;9
71;27;2478;1
72;18;1741;8
73;20;586;8
74;11;2533;3
75;28;3056;3
76;15;4342;5
77;13;2055;8
78;6;2926;2
79;17;1436;9
80;27;2665;2
81;26;1448;4
82;7;1927;3
83;30;4338;4
84;28;3793;4
85;17;3991;10
86;28;2174;8
87;15;652;3
88;10;4273;8
89;11;3497;3
90;16;1588;3
91;9;2543;7
92;16;1813;2
93;9;4205;3
94;20;731;3
95;12;475;7
96;5;3113;9
97;7;1972;5
98;1;4035;2
99;23;3762;8
100;18;4285;10
101;23;3725;2
102;13;2222;7
103;13;3964;10
104;3;1437;9
105;18;1771;7
106;17;2027;1
107;1;3977;2
108;17;860;10
109;16;1562;2
110;14;2457;3
111;25;2512;4
112;6;631;4
113;23;4122;8
114;22;3537;5
115;9;1405;5
116;9;4589;1
117;19;792;10
118;6;1168;10
119;28;754;9
120;21;4073;9
121;1;3915;8
122;26;2984;8
123;4;3480;3
124;6;3316;10
125;3;4837;1
126;20;4;10
127;13;3524;7
128;3;1136;9
129;16;3092;3
130;25;1444;1
131;16;887;6
132;20;2071;6
133;16;2371;10
134;28;4085;10
135;27;1313;5
136;24;3039;10
137;9;2941;4
138;4;3653;8
139;11;4306;9
140;29;1110;9
141;19;479;7
142;24;3216;4
143;9;1319;4
144;1;1753;3
145;8;3676;4
146;17;3293;2
147;22;896;9
148;15;2330;9
149;17;2953;8
150;20;1483;1
151;21;2337;4
152;28;4585;2
153;21;3530;6
154;15;3098;9
155;4;4936;7
156;25;2886;6
157;18;3900;3
158;5;1094;2
159;14;949;3
160;22;196;7
161;28;3611;1
162;28;2141;3
163;1;2137;7
164;19;3849;3
165;21;3695;1
166;25;4299;2
167;21;2229;5
168;13;2976;8
169;24;4540;3
170;9;1879;10
171;15;2027;8
172;24;820;10
173;17;1897;3
174;5;1931;7
175;23;4724;8
176;2;231;7
177;23;4195;3
178;19;2827;4
179;23;4204;4
180;14;2635;9
181;21;3304;6
182;11;2534;2
183;26;4989;1
184;12;4354;8
185;16;4575;8
186;10;373;4
187;9;4564;8
188;17;3756;4
189;22;2850;1
190;18;752;4
191;14;2216;5
192;18;445;10
193;8;162;3
194;4;3605;6
195;22;3000;10
196;30;2100;10
197;3;1142;10
198;8;4131;3
199;23;4002;4
200;14;118;4
201;27;109;2
202;27;3660;5
203;15;2193;1
204;22;1374;8
205;1;3952;1
206;14;3212;8
207;16;4122;3
208;26;1504;2
209;26;2810;10
210;15;3837;2
211;18;4134;2
212;24;2129;9
213;5;3043;1
214;5;3388;2
215;17;1736;2
216;30;3974;10
217;2;3069;10
218;25;3273;10
219;11;1657;5
220;22;4492;2
221;17;3406;1
222;14;212;5
223;8;1585;6
224;11;1960;9
225;28;3875;10
226;27;4571;5
227;11;3411;6
228;2;4783;8
229;25;4657;3
230;18;749;6
231;27;4853;9
232;24;1926;4
233;19;3993;6
234;25;2226;2
235;26;3495;8
236;7;1272;5
237;25;4892;10
238;3;4075;3
239;21;2712;3
240;17;2579;8
241;4;608;7
242;26;166;8
243;23;422;9
244;21;4475;1
245;24;3973;1
246;1;2238;6
247;16;2471;5
248;10;4823;5
249;8;330;7
250;15;658;6
251;15;1945;2
252;3;1891;9
253;2;685;5
254;4;3985;9
255;6;1120;7
256;2;109;10
257;15;3386;3
258;20;4014;10
259;29;2143;2
260;11;2267;3
261;10;810;9
262;27;3636;7
263;3;2296;2
264;25;4465;1
265;2;4253;1
266;27;326;3
267;21;3276;2
268;27;3759;10
269;15;2490;10
270;30;4514;7
271;10;4669;1
272;10;2828;2
273;29;4015;4
274;10;4930;7
275;14;478;9
276;30;1248;9
277;13;3504;2
278;30;1481;3
279;15;563;7
280;23;1190;10
281;29;4850;10
282;30;1704;1
283;18;4043;5
284;18;1061;4
285;6;4228;2
286;2;3671;6
287;24;1528;8
288;30;1014;8
289;11;4267;10
290;16;703;6
291;19;1908;10
292;16;2451;6
293;3;1442;9
294;7;2459;1
295;18;151;9
296;27;3443;1
297;30;3370;7
298;20;2180;3
299;28;1488;9
300;17;408;5
301;20;2345;4
302;18;3323;9
303;20;4679;5
304;10;4250;10
305;2;526;3
306;12;4287;6
307;19;1107;3
308;17;3954;6
309;6;2104;3
310;1;1763;6
311;12;1653;4
312;14;2397;5
313;12;3025;6
314;11;2168;6
315;10;758;2
316;29;2798;1
317;5;1582;3
318;14;3029;5
319;9;545;7
320;25;4389;10
321;21;2947;6
322;14;4192;5
323;10;4598;2
324;20;1492;10
325;6;1554;8
326;6;2322;7
327;26;2384;6
328;27;4440;5
329;18;564;7
330;22;2947;9
331;23;1194;6
332;30;639;4
333;1;575;10
334;16;3442;3
335;4;321;7
336;30;166;4
337;22;861;5
338;9;3873;5
339;21;4389;9
340;26;1232;10
341;4;1540;9
342;29;2725;2
343;10;821;3
344;7;2225;2
345;13;3639;10
346;22;2677;9
347;2;4083;4
348;15;3231;2
349;28;1647;10
350;4;4169;1
351;16;4506;7
352;5;2530;2
353;30;4772;3
354;23;2273;3
355;22;1398;7
356;20;2893;3
357;15;3429;3
358;25;4419;2
359;2;1826;2
360;19;4128;3
361;6;2572;3
362;24;4229;1
363;12;4855;2
364;13;2144;8
365;27;4525;1
366;11;1931;5
367;10;685;5
368;27;1723;2
369;9;1946;2
370;6;4914;8
371;15;443;3
372;6;3883;10
373;9;1527;9
374;20;3841;4
375;8;1497;9
376;1;677;9
377;4;2648;4
378;27;1026;10
379;29;4388;7
380;17;3684;1
381;4;4565;10
382;2;4141;7
383;11;2437;5
384;4;4555;8
385;24;2222;5
386;8;2461;6
387;7;4924;3
388;10;2833;5
389;1;3127;2
390;21;4176;8
391;17;1289;2
392;11;2967;10
393;14;2541;6
394;6;4370;3
395;24;593;8
396;30;4397;3
397;15;318;6
398;27;3506;7
399;12;3773;6
400;6;3004;6
401;19;4954;7
402;13;3071;10
403;30;3273;1
404;4;1317;9
405;18;195;2
406;15;3203;10
407;14;1515;9
408;23;707;7
409;1;4934;4
410;6;1227;5
411;19;2568;10
412;5;1182;9
413;20;4662;2
414;21;4467;5
415;11;3237;3
416;22;205;5
417;10;2233;2
418;3;3189;1
419;2;812;3
420;23;2244;10
421;29;1896;2
422;3;1550;2
423;1;1267;10
424;30;3038;5
425;23;1937;1
426;1;627;7
427;25;133;3
428;25;2473;10
429;11;2793;3
430;29;657;8
431;14;4895;3
432;22;4463;8
433;24;2241;10
434;6;1550;6
435;21;4640;7
436;7;1499;5
437;18;532;8
438;28;4834;2
439;19;3762;4
440;13;3853;10
441;13;407;5
442;30;504;1
443;26;1824;10
444;3;1970;8
445;6;4577;8
446;7;4589;7
447;7;2932;3
448;19;3132;6
449;8;92;9
450;30;2334;4
451;12;287;6
452;17;1559;6
453;20;3824;2
454;9;328;4
455;27;2232;8
456;5;3955;2
457;23;3490;10
458;1;2815;8
459;21;4798;3
460;18;4236;4
461;26;4283;6
462;8;2720;8
463;8;4612;2
464;12;4296;6
465;9;2840;6
466;27;4518;5
467;10;4681;1
468;9;47;8
469;20;178;7
470;30;1681;7
471;9;1248;9
472;19;3339;3
473;20;424;8
474;6;2724;10
475;3;4379;5
476;25;3128;5
477;19;3860;10
478;29;3072;1
479;29;3518;1
480;15;2660;8
481;6;2963;5
482;21;4144;1
483;12;1397;5
484;29;2077;7
485;3;1364;7
486;10;2360;9
487;9;4599;2
488;26;1777;8
489;9;92;4
490;14;2457;9
491;24;2301;7
492;28;4218;4
493;24;3417;4
494;23;537;9
495;7;3965;2
496;16;3794;5
497;25;3196;1
498;2;3031;1
499;21;4021;8
500;30;1496;4
501;1;530;2
502;21;2029;10
503;25;539;5
504;21;4386;4
505;22;2124;4
506;8;4586;4
507;28;856;6
508;29;4291;8
509;9;1514;4
510;22;2713;7
511;19;3162;6
512;18;3101;4
513;11;3941;10
514;27;2885;9
515;4;4040;8
516;28;1999;10
517;23;1872;5
518;22;4496;10
519;2;1031;5
520;18;1535;9
521;6;2514;5
522;9;2019;6
523;29;1848;2
524;24;1023;6
525;26;1950;3
526;12;3573;4
527;18;1129;8
528;23;1615;5
529;5;1468;1
530;2;4721;5
531;13;2297;3
532;26;4412;6
533;1;117;2
534;16;835;9
535;13;3390;10
536;4;502;4
537;20;3745;8
538;15;2984;1
539;13;1301;5
540;17;3776;5
541;23;4967;3
542;21;2251;9
543;10;3466;10
544;22;4095;8
545;11;3499;10
546;7;3732;5
547;14;4336;3
548;16;3402;3
549;5;4569;1
550;5;2720;5
551;19;3507;10
552;16;3976;2
553;23;4331;9
554;11;3369;10
555;9;4608;4
556;9;3634;6
557;20;1484;6
558;10;350;4
559;6;486;7
560;22;4836;1
561;28;2406;3
562;11;1686;7
563;7;2863;7
564;15;2533;3
565;26;1138;4
566;26;3825;6
567;8;2030;6
568;4;4055;7
569;1;2787;3
570;17;3495;9
571;9;460;1
572;9;2108;4
573;19;1725;2
574;25;481;4
575;6;2738;9
576;23;3218;8
577;6;4691;10
578;4;2456;9
579;26;1396;7
580;25;2043;1
581;13;4354;5
582;7;230;6
583;9;4518;8
584;17;279;6
585;28;4106;6
586;30;156;1
587;14;2238;2
588;13;4257;8
589;10;1774;10
590;9;2021;8
591;11;4923;3
592;9;977;6
593;24;3757;10
594;6;4476;10
595;23;1304;3
596;15;305;6
597;29;312;9
598;28;394;8
599;6;3057;1
600;13;4211;5
601;23;4075;2
602;15;20;9
603;19;4389;9
604;23;19;5
605;25;3079;2
606;1;3592;7
607;14;3101;5
608;1;910;9
609;9;526;9
610;22;4649;2
611;16;3845;10
612;28;3834;6
613;14;3343;3
614;12;4829;4
615;24;4308;5
616;30;2910;6
617;4;3025;2
618;26;522;8
619;26;2963;5
620;1;2331;6
621;8;4716;4
622;22;1646;10
623;5;720;3
624;13;4963;10
625;26;2896;8
626;25;3038;9
627;6;4901;5
628;11;1035;2
629;25;358;4
630;27;1661;5
631;10;2265;5
632;17;809;4
633;10;3794;7
634;19;3435;6
635;13;1983;3
636;17;4601;1
637;29;428;8
638;23;4475;9
639;6;4786;2
640;20;3456;3
641;20;3500;5
642;27;4661;7
643;6;2720;10
644;14;942;3
645;25;3398;6
646;24;4420;7
647;20;1210;8
648;24;1843;2
649;28;2218;1
650;1;3204;2
651;5;4981;6
652;3;3331;9
653;25;3490;6
654;15;393;9
655;4;2165;5
656;20;4303;7
657;25;4047;1
658;17;180;5
659;30;3359;10
660;29;1288;2
661;20;398;7
662;21;4447;8
663;3;2662;1
664;19;1513;10
665;5;2225;10
666;12;1316;6
667;14;1181;8
668;7;3088;6
669;1;1308;4
670;7;3980;2
671;5;1091;3
672;14;939;9
673;16;597;10
674;7;4120;3
675;19;3654;9
676;26;4645;9
677;26;280;7
678;4;3677;7
679;28;1795;5
680;14;420;9
681;16;4843;2
682;16;501;1
683;5;4886;5
684;23;2714;10
685;27;1761;4
686;30;3536;4
687;11;1813;3
688;1;454;3
689;11;3233;6
690;17;2164;9
691;14;2900;10
692;7;66;10
693;19;1315;7
694;24;644;7
695;3;1276;8
696;10;3486;7
697;11;4769;8
698;26;4489;10
699;30;2807;8
700;29;998;1
701;17;1367;5
702;4;4649;7
703;20;3533;2
704;15;3546;8
705;10;3943;3
706;23;2329;10
707;12;553;4
708;19;1878;7
709;13;1322;9
710;28;1973;7
711;1;2224;6
712;10;754;2
713;13;981;3
714;29;3284;2
715;21;2756;9
716;20;4927;6
717;3;2536;5
718;29;3003;5
719;1;4279;7
720;24;2857;9
721;19;4025;10
722;21;3945;1
723;17;2417;10
724;21;3068;7
725;2;4029;5
726;14;1563;1
727;12;3617;4
728;15;3354;9
729;6;3144;9
730;28;1034;5
731;9;815;6
732;19;293;8
733;24;1948;7
734;4;606;9
735;21;1592;8
736;13;2231;7
737;5;920;9
738;11;1254;4
739;6;1707;8
740;1;829;9
741;29;991;9
742;26;4278;5
743;23;3376;9
744;25;2692;6
745;12;1442;4
746;30;2764;9
747;26;1367;5
748;21;3929;2
749;16;555;9
750;8;2572;3
751;25;2333;8
752;24;1597;8
753;19;816;5
754;2;1018;1
755;3;4203;4
756;18;4133;10
757;14;1173;8
758;18;3007;10
759;12;2003;4
760;19;3068;9
761;2;1882;9
762;20;4242;6
763;2;2333;1
764;6;4152;3
765;21;4986;9
766;28;3577;5
767;21;4341;10
768;24;2843;1
769;17;439;7
770;3;627;4
771;19;1108;8
772;28;1050;3
773;2;2571;6
774;30;4272;8
775;1;4990;8
776;28;3829;2
777;17;4672;3
778;1;2868;6
779;18;4451;4
780;10;1660;4
781;27;2815;6
782;18;3786;2
783;4;181;6
784;11;767;1
785;26;896;10
786;1;3835;8
787;6;2809;3
788;13;4959;4
789;28;2461;10
790;15;4289;4
791;5;9;6
792;3;2835;2
793;1;191;6
794;7;3577;9
795;7;316;8
796;3;1533;4
797;19;18;6
798;19;3045;6
799;20;4160;9
800;21;2641;9
801;24;4725;2
802;20;4665;2
803;6;2477;1
804;27;3080;7
805;14;1325;1
806;26;2873;1
807;8;1971;4
808;8;1869;10
809;29;2328;8
810;13;4445;5
811;1;1237;5
812;6;3227;7
813;6;4330;2
814;22;3859;4
815;7;4014;2
816;5;3934;10
817;21;2243;8
818;24;2683;10
819;3;2417;4
820;12;2481;7
821;9;805;10
822;19;2814;10
823;9;3281;5
824;4;2743;2
825;15;86;2
826;6;3014;1
827;12;4069;10
828;25;4049;5
829;7;4964;9
830;12;895;7
831;21;3001;2
832;15;2770;5
833;19;1353;2
834;18;1314;3
835;24;3053;3
836;17;3320;8
837;19;1504;10
838;9;846;2
839;1;2422;8
840;13;1172;10
841;20;1062;5
842;19;2962;1
843;4;2528;1
844;15;3591;5
845;22;4146;9
846;4;1073;5
847;5;745;7
848;21;3029;10
849;25;1407;6
850;10;3069;7
851;13;3663;2
852;19;4772;6
853;3;857;2
854;24;1542;7
855;7;4910;8
856;14;20;8
857;27;1276;1
858;27;2582;9
859;28;2669;8
860;19;4619;6
861;30;4498;1
862;12;2355;3
863;25;2285;10
864;16;4109;6
865;18;4766;8
866;8;4552;1
867;5;2448;2
868;19;2171;2
869;23;2883;2
870;3;2602;5
871;11;3664;10
872;21;4051;8
873;23;4812;4
874;16;2522;7
875;22;4337;10
876;6;1857;8
877;18;2105;7
878;5;4323;6
879;17;3710;5
880;17;235;5
881;29;1833;3
882;1;4362;2
883;8;3298;7
884;12;3137;2
885;11;3844;5
886;13;2819;6
887;8;2190;2
888;12;1495;1
889;17;532;9
890;2;1272;5
891;25;1521;5
892;6;2711;4
893;4;3160;1
894;21;1599;7
895;11;1231;7
896;4;3193;9
897;27;3278;3
898;1;4600;3
899;11;2215;3
900;24;1049;5
901;15;2858;7
902;16;3460;8
903;2;43;2
904;9;2831;8
905;20;2833;2
906;8;3118;7
907;6;2369;1
908;9;4531;1
909;19;4405;9
910;22;1719;2
911;21;1709;4
912;21;801;7
913;7;2512;9
914;18;3683;8
915;4;1946;3
916;13;477;2
917;11;2317;4
918;6;4506;2
919;18;4866;1
920;5;4636;2
921;27;802;8
922;5;4000;3
923;12;4727;6
924;21;2604;6
925;16;3921;5
926;28;4297;8
927;5;1693;6
928;8;2065;1
929;14;1185;7
930;2;4962;1
931;10;578;8
932;13;4868;3
933;29;4785;3
934;24;1297;3
935;11;2033;10
936;10;953;5
937;14;864;9
938;24;2487;10
939;7;2237;1
940;30;1090;5
941;26;1196;10
942;29;3643;7
943;8;4535;4
944;30;3259;4
945;20;871;3
946;26;4989;6
947;27;1731;5
948;13;2348;10
949;11;4996;4
950;14;3734;9
951;17;2469;8
952;5;642;5
953;3;2568;10
954;21;608;5
955;5;1045;8
956;13;2627;2
957;17;2053;10
958;29;1290;4
959;25;1587;9
960;29;4135;2
961;23;3970;5
962;16;1779;2
963;18;588;4
964;27;2504;1
965;25;1401;3
966;26;2067;2
967;16;4547;3
968;29;4058;7
969;29;3924;1
970;12;3961;7
971;6;2374;2
972;19;4106;7
973;7;573;8
974;23;3497;5
975;11;4276;9
976;14;3268;3
977;3;2571;2
978;23;1688;2
979;9;1635;9
980;16;3910;6
981;30;260;8
982;6;1951;3
983;22;165;3
984;27;2986;8
985;1;1894;2
986;27;3458;3
987;13;2392;1
988;8;3636;10
989;27;1238;5
990;14;4013;10
991;14;349;4
992;3;450;6
993;6;698;5
994;14;300;1
995;12;4359;8
996;30;4875;1
997;16;88;10
998;14;3003;10
999;18;4093;1
1000;1;171;9
1001;9;111;5
1002;6;3507;8
1003;21;407;10
1004;27;564;5
1005;21;2547;6
1006;14;1713;1
1007;13;2641;3
1008;4;4589;2
1009;10;4393;7
1010;2;20;7
1011;25;3368;6
1012;28;4083;1
1013;7;3502;9
1014;25;18;3
1015;7;4369;8
1016;9;1346;1
1017;15;2455;9
1018;19;766;2
1019;18;2814;5
1020;13;2908;1
1021;26;398;5
1022;25;165;7
1023;15;32;2
1024;10;2353;3
1025;30;3638;9
1026;12;3423;3
1027;20;4004;5
1028;23;610;3
1029;3;1287;3
1030;19;3244;1
1031;23;2976;2
1032;26;4250;8
1033;28;1492;8
1034;18;2819;9
1035;2;2020;6
1036;9;82;2
1037;25;4322;7
1038;11;4587;2
1039;29;1818;2
1040;16;3054;9
1041;28;4605;1
1042;27;2641;2
1043;7;1230;10
1044;25;1040;7
1045;2;3077;2
1046;1;4494;2
1047;11;1079;3
1048;7;672;6
1049;18;4321;5
1050;2;3492;4
1051;28;2396;5
1052;30;4341;4
1053;3;1708;5
1054;20;3341;3
1055;8;2496;3
1056;7;4975;3
1057;19;3602;10
1058;9;50;7
1059;9;2294;1
1060;14;2739;3
1061;13;2721;8
1062;30;4517;4
1063;10;4794;4
1064;2;333;3
1065;12;4546;4
1066;23;1423;8
1067;23;1381;9
1068;1;2472;5
1069;27;345;2
1070;13;2435;8
1071;8;4183;2
1072;5;548;7
1073;18;2924;6
1074;7;3640;2
1075;3;3727;5
1076;29;4763;6
1077;16;871;5
1078;25;520;6
1079;26;3785;1
1080;14;3487;7
1081;25;3209;1
1082;5;3561;6
1083;11;996;4
1084;28;528;1
1085;5;4471;9
1086;23;2414;8
1087;18;2556;9
1088;5;3321;3
1089;25;1893;10
1090;24;898;9
1091;14;2040;10
1092;17;2120;4
1093;12;2578;7
1094;22;1381;8
1095;18;1536;7
1096;2;303;8
1097;26;3330;4
1098;21;1828;3
1099;8;1174;3
1100;18;490;5
1101;6;4513;7
1102;8;696;3
1103;13;570;1
1104;29;3186;5
1105;30;2265;10
1106;19;4555;9
1107;1;223;3
1108;5;1236;5
1109;30;546;8
1110;26;3719;8
1111;22;4278;9
1112;22;4083;3
1113;11;1986;3
1114;4;3088;2
1115;4;4659;1
1116;2;4516;3
1117;7;4353;7
1118;23;994;8
1119;9;2584;4
1120;3;4227;3
1121;20;1208;4
1122;12;2463;6
1123;26;4652;8
1124;9;4809;7
1125;16;4243;7
1126;7;1553;4
1127;24;1712;5
1128;25;2163;8
1129;2;1800;7
1130;25;2512;2
1131;30;1286;7
1132;28;2137;10
1133;11;1730;3
1134;26;4303;1
1135;20;2374;10
1136;1;675;9
1137;6;4005;6
1138;22;410;2
1139;24;4914;8
1140;5;416;10
1141;19;3101;2
1142;3;1499;3
1143;22;22;2
1144;6;2936;7
1145;25;3579;2
1146;29;2384;4
1147;25;2091;6
1148;18;1022;2
1149;4;2738;5
1150;21;2609;10
1151;19;1401;9
1152;12;4695;1
1153;6;3755;9
1154;13;4655;5
1155;2;2820;9
1156;8;1356;7
1157;9;3497;2
1158;27;2403;2
1159;12;3111;6
1160;17;4935;7
1161;2;2030;4
1162;14;4273;7
1163;6;447;2
1164;1;1700;1
1165;29;2760;1
1166;22;132;2
1167;25;888;6
1168;2;1989;2
1169;24;905;2
1170;18;53;3
1171;7;1063;8
1172;23;1897;4
1173;7;4897;8
1174;9;1340;2
1175;12;4033;10
1176;8;3049;1
1177;8;1563;6
1178;16;3969;6
1179;4;3591;8
1180;13;2615;6
1181;5;674;5
1182;25;2478;3
1183;7;2132;2
1184;29;563;8
1185;28;1864;1
1186;19;1931;9
1187;20;2458;4
1188;14;1999;2
1189;17;227;8
1190;7;2005;7
1191;22;1748;2
1192;23;1492;7
1193;18;3588;4
1194;26;2844;10
1195;8;1830;10
1196;28;3030;5
1197;16;3848;3
1198;28;3158;3
1199;29;3700;9
1200;14;2647;5
1201;9;3739;9
1202;21;1911;6
1203;7;3050;3
1204;14;3117;6
1205;7;1120;6
1206;5;4544;3
1207;5;768;5
1208;21;3799;1
1209;9;1966;4
1210;1;3113;7
1211;25;4513;7
1212;8;4483;2
1213;27;2473;4
1214;4;912;6
1215;10;2651;2
1216;7;3491;3
1217;6;63;5
1218;5;4915;8
1219;2;3636;3
1220;18;3205;1
1221;30;3256;2
1222;6;3965;1
1223;10;4856;4
1224;18;2933;4
1225;17;2460;2
1226;8;4729;8
1227;4;3532;7
1228;23;416;10
1229;1;270;10
1230;18;350;8
1231;27;935;5
1232;9;22;9
1233;17;4279;7
1234;6;3015;8
1235;29;1995;6
1236;18;4580;4
1237;12;563;10
1238;2;655;3
1239;11;4812;5
1240;20;351;10
1241;6;4931;4
1242;3;3503;1
1243;30;4843;3
1244;10;3179;1
1245;2;4268;10
1246;14;3283;4
1247;4;3941;5
1248;20;3354;5
1249;20;4638;4
1250;4;4572;4
1251;26;3031;10
1252;21;308;4
1253;30;4763;3
1254;13;660;1
1255;10;1279;1
1256;18;1256;1
1257;16;736;10
1258;16;406;8
1259;2;2013;10
1260;5;365;4
1261;19;257;1
1262;10;1389;9
1263;25;2104;5
1264;30;4820;7
1265;6;2918;6
1266;19;2269;4
1267;7;2665;6
1268;17;1950;8
1269;11;1424;9
1270;14;4139;8
1271;15;3212;10
1272;14;946;1
1273;1;2224;4
1274;26;963;5
1275;17;4402;5
1276;14;65;6
1277;15;3596;3
1278;30;964;1
1279;3;2703;3
1280;6;2616;10
1281;9;1035;1
1282;7;1818;3
1283;19;4652;10
1284;3;4071;9
1285;1;3790;5
1286;26;3917;4
1287;4;3712;5
1288;27;1202;5
1289;3;3257;5
1290;11;4858;2
1291;24;2685;5
1292;14;4362;5
1293;8;4665;7
1294;12;3489;5
1295;6;4820;1
1296;16;3386;2
1297;6;95;1
1298;3;3874;6
1299;12;3571;3
1300;24;2414;5
1301;9;1546;1
1302;2;586;8
1303;18;3633;9
1304;4;2905;7
1305;28;94;5
1306;23;4275;9
1307;20;4946;10
1308;12;3759;4
1309;6;3144;5
1310;21;2787;9
1311;15;1351;7
1312;15;1657;3
1313;22;4231;3
1314;6;2723;6
1315;23;3477;5
1316;28;3756;10
1317;3;3899;7
1318;16;4780;5
1319;26;4296;9
1320;23;1697;4
1321;11;3698;8
1322;20;1642;8
1323;30;2997;7
1324;12;1642;9
1325;2;577;1
1326;26;4950;7
1327;25;3735;8
1328;23;3089;6
1329;3;22;8
1330;9;3348;7
1331;21;3006;4
1332;23;2239;6
1333;15;2617;7
1334;23;1704;7
1335;11;1354;10
1336;8;30;10
1337;6;2922;9
1338;19;2212;3
1339;5;606;6
1340;16;2894;10
1341;22;2479;9
1342;25;2908;10
1343;14;2332;8
1344;16;1679;8
1345;14;1585;6
1346;23;4908;9
1347;3;1406;4
1348;21;4817;7
1349;24;3;5
1350;9;3037;2
1351;25;1483;6
1352;23;1525;9
1353;26;1287;4
1354;1;1942;3
1355;4;3287;6
1356;4;4321;1
1357;30;1759;7
1358;18;491;3
1359;20;3680;3
1360;29;2336;8
1361;13;2930;2
1362;17;1289;10
1363;30;3539;10
1364;21;4478;1
1365;14;3026;8
1366;19;1147;3
1367;4;961;1
1368;12;1156;6
1369;24;118;6
1370;11;3336;9
1371;5;3371;10
1372;28;4442;10
1373;19;4945;4
1374;16;3148;5
1375;29;4523;1
1376;6;2369;9
1377;23;222;8
1378;12;4987;5
1379;15;1895;3
1380;30;3625;10
1381;9;1784;5
1382;21;3316;9
1383;22;4082;4
1384;2;4787;6
1385;2;3699;10
1386;7;2102;1
1387;11;4240;10
1388;14;3380;10
1389;2;2008;8
1390;20;837;9
1391;27;1069;4
1392;26;1192;3
1393;7;4692;8
1394;20;1960;9
1395;18;4970;9
1396;15;4751;9
1397;12;922;9
1398;18;2605;10
1399;16;999;3
1400;21;1372;5
1401;17;1959;9
1402;1;1266;1
1403;13;4547;2
1404;7;3097;3
1405;21;3510;10
1406;3;3305;10
1407;13;1940;1
1408;14;2578;8
1409;28;204;10
1410;29;1265;9
1411;2;111;4
1412;17;3261;3
1413;5;3214;10
1414;6;891;6
1415;8;3194;10
1416;25;3702;4
1417;10;4125;10
1418;29;311;1
1419;23;3164;3
1420;16;4258;3
1421;8;1967;4
1422;22;283;8
1423;17;4914;2
1424;22;4902;5
1425;16;4056;5
1426;28;454;10
1427;1;1219;4
1428;21;989;7
1429;29;111;1
1430;1;851;8
1431;10;904;9
1432;4;4147;9
1433;22;2652;1
1434;25;372;10
1435;21;2035;8
1436;3;3318;7
1437;24;2958;2
1438;12;1064;4
1439;15;4457;2
1440;2;806;8
1441;23;2159;1
1442;20;180;2
1443;10;4449;3
1444;27;1385;5
1445;13;2292;5
1446;5;3381;5
1447;11;4747;1
1448;24;2470;9
1449;26;1995;10
1450;5;2718;3
1451;24;3404;2
1452;30;3979;5
1453;8;1065;10
1454;26;4450;7
1455;7;4019;2
1456;10;4708;4
1457;25;3652;8
1458;10;2020;1
1459;15;4612;8
1460;19;218;10
1461;21;1776;1
1462;22;4753;4
1463;5;1676;7
1464;23;3437;7
1465;4;4033;4
1466;3;618;3
1467;5;2540;1
1468;9;149;8
1469;21;4919;10
1470;24;4322;8
1471;1;4497;4
1472;28;339;2
1473;20;4251;2
1474;14;1466;10
1475;9;4632;4
1476;3;611;2
1477;19;4449;7
1478;12;3401;4
1479;22;1362;1
1480;1;496;8
1481;28;2648;7
1482;20;2044;6
1483;20;610;4
1484;28;2220;9
1485;19;2828;1
1486;20;593;6
1487;1;3956;1
1488;26;4312;10
1489;29;4850;1
1490;8;2682;9
1491;7;3651;6
1492;25;715;3
1493;5;1079;3
1494;24;889;2
1495;15;2320;4
1496;13;1763;4
1497;11;3563;4
1498;7;922;10
1499;25;1110;9
1500;5;2716;5
1501;14;1242;6
1502;17;4754;8
1503;5;527;6
1504;27;2948;10
1505;13;4106;5
1506;5;2569;2
1507;10;4511;10
1508;7;1893;7
1509;1;789;4
1510;15;3891;9
1511;19;3504;5
1512;14;4572;6
1513;2;216;1
1514;9;2351;4
1515;10;3695;8
1516;10;3252;1
1517;10;1124;4
1518;9;258;4
1519;29;2448;1
1520;7;2950;6
1521;8;3486;7
1522;6;4507;6
1523;1;354;10
1524;21;2351;3
1525;4;3577;7
1526;26;1867;5
1527;11;4769;4
1528;28;3194;8
1529;25;4871;6
1530;9;97;4
1531;19;746;10
1532;15;4731;7
1533;29;4856;6
1534;9;4677;9
1535;29;4459;2
1536;20;1406;8
1537;3;4407;2
1538;6;3087;6
1539;17;1625;2
1540;4;4060;6
1541;1;4758;3
1542;18;223;10
1543;11;1058;4
1544;5;243;9
1545;15;542;5
1546;1;4617;7
1547;9;1021;1
1548;9;3889;10
1549;18;2809;2
1550;16;2114;6
1551;19;2057;3
1552;24;2002;8
1553;2;2438;8
1554;15;426;3
1555;21;158;7
1556;24;1154;6
1557;16;1753;7
1558;27;452;6
1559;24;3684;9
1560;7;4691;9
1561;18;667;5
1562;15;375;10
1563;25;1131;7
1564;28;2663;7
1565;4;3900;2
1566;28;3458;8
1567;26;3105;7
1568;26;2327;1
1569;15;4339;3
1570;22;3682;1
1571;11;3401;10
1572;13;4564;2
1573;29;865;8
1574;29;1298;6
1575;9;3563;2
1576;16;4105;10
1577;29;3453;4
1578;8;1386;6
1579;4;3094;7
1580;5;2831;8
1581;7;1957;10
1582;5;1149;2
1583;9;1012;2
1584;14;2984;3
1585;23;4539;6
1586;22;2588;8
1587;10;1515;4
1588;6;2166;2
1589;6;210;5
1590;10;2250;4
1591;15;4428;4
1592;8;3345;7
1593;18;4060;4
1594;13;3257;2
1595;14;2456;4
1596;12;4893;4
1597;4;369;7
1598;30;4038;6
1599;7;3807;6
1600;16;1845;1
1601;13;3901;10
1602;21;2295;8
1603;24;4963;9
1604;18;4709;6
1605;3;3229;8
1606;13;2841;6
1607;24;4065;3
1608;4;2784;10
1609;22;4939;6
1610;11;908;10
1611;16;2001;1
1612;30;884;4
1613;30;911;1
1614;20;3339;10
1615;21;757;3
1616;2;4489;7
1617;16;4102;10
1618;16;442;9
1619;20;4061;8
1620;29;4407;8
1621;16;4427;10
1622;7;727;6
1623;17;1506;8
1624;2;4174;3
1625;10;55;5
1626;9;4749;10
1627;24;3390;2
1628;26;3432;8
1629;8;241;6
1630;6;3073;6
1631;12;1384;2
1632;30;4643;3
1633;22;3938;7
1634;22;1638;10
1635;15;1494;4
1636;22;2085;2
1637;4;1220;3
1638;28;4168;1
1639;28;1956;2
1640;20;2987;10
1641;15;1850;6
1642;10;1186;8
1643;6;1770;9
1644;1;3363;2
1645;5;2712;1
1646;25;3017;2
1647;16;3547;9
1648;1;546;10
1649;10;4701;10
1650;5;977;10
1651;12;2874;1
1652;29;2279;2
1653;23;2597;6
1654;17;1951;8
1655;9;1924;7
1656;11;321;9
1657;7;700;10
1658;24;735;3
1659;25;4358;8
1660;25;4887;9
1661;8;1892;2
1662;25;1190;6
1663;28;126;6
1664;21;770;8
1665;24;1919;1
1666;2;444;7
1667;7;298;1
1668;18;1935;3
1669;10;4057;2
1670;17;4719;3
1671;26;893;4
1672;27;4361;4
1673;7;3948;1
1674;25;2534;4
1675;11;2223;5
1676;3;3956;2
1677;13;1104;4
1678;20;2635;1
1679;3;2104;10
1680;26;1423;2
1681;17;2481;6
1682;24;519;6
1683;16;1577;9
1684;15;3889;1
1685;1;893;6
1686;2;2139;4
1687;7;224;9
1688;17;1031;5
1689;4;3061;8
1690;1;1267;7
1691;17;4493;8
1692;10;1731;6
1693;17;80;10
1694;20;962;9
1695;17;4921;2
1696;2;3239;9
1697;26;4643;5
1698;29;1492;7
1699;12;3702;1
1700;20;413;3
1701;27;2794;6
1702;18;3708;6
1703;21;1282;3
1704;24;1013;3
1705;7;3097;2
1706;17;4604;5
1707;24;1001;10
1708;2;3177;5
1709;10;2584;6
1710;29;4014;3
1711;27;1334;1
1712;2;4870;5
1713;4;2027;4
1714;17;4222;5
1715;14;3389;7
1716;17;3819;8
1717;1;2275;8
1718;28;344;3
1719;25;2199;4
1720;12;2640;6
1721;17;345;10
1722;23;2612;3
1723;23;953;5
1724;4;2545;1
1725;19;1194;3
1726;21;2870;10
1727;6;3552;10
1728;22;4475;3
1729;4;405;3
1730;27;114;3
1731;3;3453;1
1732;19;1849;4
1733;17;946;9
1734;2;2456;8
1735;27;2122;9
1736;14;4730;4
1737;2;4001;4
1738;18;3405;6
1739;7;61;6
1740;15;2499;6
1741;6;4511;1
1742;20;2936;7
1743;25;6;4
1744;21;4150;9
1745;30;2285;6
1746;26;1993;6
1747;28;3061;9
1748;25;1801;4
1749;6;3557;6
1750;20;2644;5
1751;28;4195;10
1752;15;2281;2
1753;19;2909;6
1754;14;3020;9
1755;15;2686;5
1756;1;136;7
1757;11;3602;7
1758;5;1537;5
1759;24;4759;2
1760;27;2762;5
1761;4;185;9
1762;7;1195;4
1763;10;452;9
1764;10;2714;6
1765;23;4679;4
1766;13;209;5
1767;16;3025;6
1768;30;1354;8
1769;14;2323;8
1770;19;4721;3
1771;1;2510;6
1772;28;1519;9
1773;25;2282;1
1774;10;2588;4
1775;19;117;2
1776;6;1315;10
1777;17;3720;9
1778;13;4964;1
1779;4;1472;9
1780;22;181;6
1781;28;213;2
1782;28;624;4
1783;2;2827;8
1784;3;250;1
1785;11;582;10
1786;17;4259;5
1787;14;3398;9
1788;10;431;8
1789;20;3749;6
1790;2;642;4
1791;30;4683;6
1792;28;4360;2
1793;5;103;4
1794;5;1700;9
1795;25;2813;7
1796;16;3529;4
1797;5;3325;3
1798;14;488;10
1799;3;4335;8
1800;17;4;1
1801;22;1453;6
1802;1;4038;3
1803;12;2755;4
1804;16;3292;4
1805;10;4717;4
1806;27;2929;4
1807;11;3221;10
1808;18;423;8
1809;7;684;4
1810;10;3450;6
1811;5;199;10
1812;23;1141;2
1813;13;3972;9
1814;30;3052;6
1815;21;4866;1
1816;22;1160;8
1817;11;2456;5
1818;15;4949;3
1819;22;837;1
1820;16;3504;5
1821;27;1903;9
1822;3;2433;1
1823;7;2950;5
1824;9;51;2
1825;9;4132;1
1826;10;1012;6
1827;27;4689;2
1828;25;2184;8
1829;7;947;1
1830;21;1663;4
1831;13;204;6
1832;8;1761;10
1833;6;2273;8
1834;5;1108;10
1835;10;839;8
1836;3;2514;2
1837;2;621;8
1838;19;3503;2
1839;7;3516;7
1840;10;4630;3
1841;13;2957;10
1842;6;820;8
1843;18;3568;7
1844;5;3735;8
1845;24;3136;5
1846;22;2823;5
1847;13;3170;5
1848;11;886;2
1849;25;4996;3
1850;11;2001;10
1851;7;4267;4
1852;12;2830;3
1853;2;370;4
1854;10;2723;3
1855;26;4533;5
1856;17;2560;4
1857;3;926;1
1858;19;4426;3
1859;2;3145;9
1860;9;4816;7
1861;27;2413;4
1862;17;983;2
1863;11;2760;9
1864;17;3951;7
1865;4;1453;3
1866;1;2928;4
1867;1;21;4
1868;27;225;1
1869;12;904;5
1870;10;595;7
1871;17;3743;9
1872;27;2221;8
1873;18;2216;10
1874;25;1727;10
1875;11;2791;4
1876;8;2228;10
1877;11;608;9
1878;7;2890;7
1879;18;3651;4
1880;25;3166;10
1881;30;4655;6
1882;25;3907;8
1883;15;2783;8
1884;12;1698;8
1885;5;196;10
1886;21;2884;2
1887;12;4208;3
1888;10;882;7
1889;2;2253;1
1890;2;4542;10
1891;10;1280;10
1892;24;3588;10
1893;11;4967;9
1894;15;3372;4
1895;14;4714;3
1896;11;2986;5
1897;28;585;6
1898;3;3243;3
1899;29;3653;10
1900;12;716;8
1901;10;1726;1
1902;29;56;2
1903;8;2423;6
1904;24;4718;3
1905;14;1638;3
1906;28;290;6
1907;10;4138;3
1908;12;1293;8
1909;24;3442;3
1910;21;1201;10
1911;18;2367;7
1912;29;2799;3
1913;26;353;7
1914;26;717;9
1915;24;4263;3
1916;26;4523;10
1917;1;1352;3
1918;13;3746;1
1919;10;614;2
1920;5;298;4
1921;13;839;6
1922;12;4462;6
1923;16;289;3
1924;23;4526;6
1925;8;1514;5
1926;8;1124;7
1927;22;4245;1
1928;5;967;7
1929;26;1896;3
1930;17;1062;8
1931;24;3458;4
1932;29;3155;5
1933;30;1364;5
1934;26;475;7
1935;11;4393;7
1936;29;2819;3
1937;25;487;10
1938;19;1790;7
1939;15;4182;7
1940;28;1282;5
1941;18;16;1
1942;5;4157;3
1943;8;4488;8
1944;9;683;3
1945;22;2642;5
1946;29;911;3
1947;30;1433;7
1948;14;1601;8
1949;9;1554;5
1950;11;2344;10
1951;23;3265;7
1952;14;86;10
1953;15;4583;8
1954;22;723;6
1955;26;1114;7
1956;11;3981;10
1957;8;1987;9
1958;12;3733;8
1959;2;1009;9
1960;30;969;3
1961;3;1133;1
1962;19;4638;1
1963;28;1696;10
1964;9;61;2
1965;15;103;1
1966;13;3262;9
1967;17;4383;4
1968;28;4884;8
1969;8;1395;1
1970;2;1303;3
1971;25;736;6
1972;9;2128;4
1973;12;1255;1
1974;12;4207;4
1975;29;979;8
1976;28;3655;5
1977;20;3244;5
1978;22;2963;3
1979;15;3090;10
1980;24;4606;1
1981;16;1795;5
1982;21;2683;4
1983;14;3101;9
1984;21;1800;9
1985;8;4682;7
1986;15;109;3
1987;18;3184;9
1988;29;1306;5
1989;21;1048;5
1990;8;4508;2
1991;21;4676;10
1992;8;2669;9
1993;29;2399;4
1994;16;3627;5
1995;26;21;8
1996;5;3323;3
1997;3;3556;7
1998;21;2825;1
1999;16;3459;9
2000;9;1746;5
2001;7;3901;10
2002;12;2441;8
2003;4;3478;6
2004;9;2298;4
2005;28;27;3
2006;26;1381;3
2007;3;4528;2
2008;16;1151;5
2009;19;3468;2
2010;25;3332;5
2011;24;773;7
2012;1;431;3
2013;7;1622;9
2014;20;3734;3
2015;28;261;6
2016;13;4065;2
2017;1;4459;4
2018;16;4165;1
2019;17;2787;4
2020;1;293;10
2021;8;4144;10
2022;15;1449;4
2023;21;3115;4
2024;3;4886;4
2025;20;3184;7
2026;21;4808;3
2027;14;4686;9
2028;22;529;4
2029;26;2518;3
2030;6;2564;3
2031;22;167;10
2032;2;1164;2
2033;18;3638;4
2034;4;141;6
2035;15;4891;9
2036;7;1194;3
2037;18;1021;2
2038;15;4429;4
2039;24;1475;9
2040;19;2145;5
2041;23;112;4
2042;13;4335;1
2043;26;4095;2
2044;25;1708;8
2045;16;4295;1
2046;8;1168;5
2047;26;3567;1
2048;9;3283;4
2049;28;1182;1
2050;12;4615;7
2051;13;894;7
2052;30;4937;10
2053;2;2669;7
2054;16;3900;6
2055;24;1491;1
2056;22;4789;6
2057;18;579;3
2058;4;4068;7
2059;18;4330;10
2060;21;2904;2
2061;8;4044;10
2062;24;1854;10
2063;27;1494;8
2064;5;481;9
2065;13;1140;9
2066;2;1211;1
2067;27;835;6
2068;2;4035;6
2069;23;868;6
2070;22;1852;4
2071;4;3071;9
2072;10;831;9
2073;29;4549;2
2074;28;1186;8
2075;15;812;2
2076;9;166;3
2077;3;3861;5
2078;14;4390;8
2079;4;435;8
2080;30;2638;6
2081;24;3172;7
2082;30;106;8
2083;9;980;9
2084;14;2187;8
2085;18;3408;9
2086;29;4954;9
2087;5;1630;1
2088;23;1023;4
2089;7;2198;7
2090;13;3093;10
2091;23;2172;8
2092;14;3578;8
2093;14;157;4
2094;15;662;9
2095;14;1631;4
2096;1;109;10
2097;12;2237;6
2098;16;354;9
2099;21;1644;10
2100;3;2731;9
2101;8;704;7
2102;24;954;2
2103;2;2325;5
2104;22;2808;10
2105;20;3609;1
2106;26;3574;5
2107;2;3480;10
2108;1;2743;4
2109;26;4310;9
2110;21;392;1
2111;21;4056;5
2112;14;1687;1
2113;19;1999;1
2114;18;3380;3
2115;1;4488;8
2116;18;4404;6
2117;17;4014;7
2118;7;422;1
2119;24;4361;6
2120;6;350;7
2121;12;2317;3
2122;10;4382;10
2123;21;1092;3
2124;13;4479;9
2125;5;3475;3
2126;4;1343;4
2127;24;3355;8
2128;1;1057;7
2129;8;2391;3
2130;16;4707;3
2131;16;396;2
2132;15;1974;7
2133;27;45;7
2134;10;2206;8
2135;2;296;4
2136;9;300;1
2137;13;4976;9
2138;17;410;3
2139;12;3841;6
2140;4;658;10
2141;10;3941;8
2142;25;638;6
2143;23;1951;9
2144;16;2570;4
2145;20;1022;10
2146;16;1448;4
2147;24;4166;6
2148;25;4558;10
2149;27;3103;6
2150;19;831;3
2151;12;1013;10
2152;29;3716;7
2153;6;1468;1
2154;15;2652;1
2155;1;4590;1
2156;1;846;2
2157;10;3144;9
2158;1;2936;2
2159;18;3374;4
2160;14;4681;1
2161;14;4589;10
2162;23;1348;3
2163;13;4384;2
2164;13;4589;7
2165;3;3325;1
2166;23;3835;7
2167;28;113;5
2168;14;74;3
2169;10;3194;2
2170;12;4964;7
2171;24;1672;7
2172;11;2411;7
2173;16;2803;2
2174;8;800;6
2175;27;2496;5
2176;7;791;3
2177;24;2391;5
2178;24;3697;5
2179;22;2556;1
2180;2;2177;5
2181;1;2179;1
2182;15;2533;6
2183;6;985;8
2184;26;4745;5
2185;16;2895;7
2186;15;122;6
2187;12;3636;10
2188;29;1666;4
2189;22;3114;7
2190;13;3309;2
2191;25;3638;2
2192;19;2397;4
2193;24;2168;4
2194;11;2227;9
2195;1;1246;7
2196;1;3259;2
2197;12;1809;1
2198;25;684;8
2199;12;3666;4
2200;5;2886;10
2201;14;3208;9
2202;21;4191;7
2203;16;4028;4
2204;13;3480;5
2205;7;4239;7
2206;15;1224;8
2207;28;3038;2
2208;21;1072;4
2209;1;2073;2
2210;4;784;10
2211;16;824;5
2212;14;1766;3
2213;24;3352;6
2214;7;1367;3
2215;12;4497;9
2216;18;2319;7
2217;21;2917;4
2218;24;352;9
2219;13;3462;8
2220;8;4034;8
2221;3;1441;5
2222;26;3895;6
2223;4;361;8
2224;17;1614;5
2225;25;2679;9
2226;4;2710;10
2227;22;2442;10
2228;28;687;8
2229;20;3567;6
2230;16;4140;9
2231;25;1410;2
2232;18;981;4
2233;13;4042;3
2234;23;2710;1
2235;2;539;6
2236;4;2004;4
2237;13;2940;2
2238;25;3694;8
2239;15;4673;2
2240;20;4852;4
2241;29;4478;9
2242;25;2741;10
2243;10;4242;1
2244;12;3130;1
2245;13;1313;6
2246;14;1496;7
2247;4;1630;5
2248;3;599;1
2249;14;3875;6
2250;7;2609;8
2251;19;2389;5
2252;10;796;6
2253;12;4618;4
2254;13;4837;4
2255;2;2650;10
2256;12;723;4
2257;1;1554;10
2258;14;2216;6
2259;15;2651;10
2260;20;2647;6
2261;18;4436;2
2262;1;4252;1
2263;18;867;6
2264;16;4240;1
2265;9;4940;5
2266;12;3211;8
2267;26;1155;4
2268;18;4654;7
2269;24;241;5
2270;1;2295;3
2271;12;2553;9
2272;6;233;5
2273;16;2880;7
2274;6;1921;5
2275;6;3588;10
2276;12;290;2
2277;23;1014;7
2278;17;630;9
2279;16;672;1
2280;19;817;7
2281;30;234;2
2282;16;672;8
2283;28;3647;6
2284;3;2504;7
2285;8;515;10
2286;27;4590;10
2287;18;1145;3
2288;28;1650;10
2289;27;4044;3
2290;9;2893;10
2291;13;3373;8
2292;16;2594;3
2293;9;1961;2
2294;28;4077;3
2295;21;3778;9
2296;7;4713;10
2297;26;318;4
2298;14;1903;8
2299;7;740;4
2300;30;2359;8
2301;22;1204;6
2302;20;3899;4
2303;27;2724;4
2304;3;2191;9
2305;7;973;8
2306;14;395;2
2307;30;1684;8
2308;26;4818;10
2309;29;173;3
2310;10;1515;6
2311;11;2973;10
2312;22;4067;4
2313;3;571;2
2314;16;779;9
2315;3;1908;9
2316;3;4314;2
2317;23;4702;5
2318;8;716;9
2319;22;529;7
2320;19;3694;4
2321;15;3796;7
2322;5;386;1
2323;30;750;8
2324;15;3477;1
2325;1;4393;8
2326;24;303;7
2327;28;1406;9
2328;25;3373;7
2329;4;1316;5
2330;18;2971;4
2331;25;1447;5
2332;29;78;7
2333;23;4465;1
2334;12;3721;10
2335;3;2211;4
2336;23;4269;9
2337;25;2883;5
2338;3;4542;3
2339;19;82;10
2340;28;2729;7
2341;29;3424;1
2342;21;3150;10
2343;21;4631;7
2344;7;3302;9
2345;11;2260;2
2346;17;3930;10
2347;23;596;6
2348;17;864;8
2349;27;1888;1
2350;22;2526;10
2351;1;2832;5
2352;9;55;6
2353;18;690;1
2354;14;3724;9
2355;9;4663;6
2356;21;4216;2
2357;9;3584;9
2358;14;2015;8
2359;21;223;8
2360;23;3499;1
2361;4;4777;8
2362;15;677;9
2363;20;2952;9
2364;29;2193;3
2365;4;2491;7
2366;22;4845;4
2367;29;3978;5
2368;30;1599;2
2369;9;1139;1
2370;15;1904;7
2371;9;4933;8
2372;8;2794;3
2373;19;478;1
2374;26;2;7
2375;11;2703;9
2376;9;3021;5
2377;14;4040;6
2378;8;559;3
2379;7;4916;1
2380;23;542;1
2381;27;1153;4
2382;20;3869;3
2383;11;2565;7
2384;8;2691;1
2385;10;2550;7
2386;19;4274;2
2387;28;1736;9
2388;3;3855;8
2389;30;4489;7
2390;1;3820;7
2391;24;3154;10
2392;6;3623;8
2393;10;1221;4
2394;29;4302;9
2395;16;4158;8
2396;14;2206;8
2397;5;3961;5
2398;23;1385;3
2399;3;309;1
2400;8;2230;2
2401;3;2769;10
2402;26;3934;6
2403;23;4253;8
2404;14;904;6
2405;19;2293;10
2406;4;2491;2
2407;29;1034;8
2408;21;4742;9
2409;21;2201;10
2410;3;2768;6
2411;7;937;8
2412;13;2620;10
2413;8;3530;7
2414;6;286;9
2415;6;4572;9
2416;5;4043;1
2417;4;153;9
2418;30;307;9
2419;25;4634;6
2420;21;1426;3
2421;3;921;10
2422;13;2699;7
2423;12;3516;3
2424;29;2353;6
2425;3;261;7
2426;16;3785;5
2427;22;4510;5
2428;21;4604;10
2429;20;3946;6
2430;13;2971;9
2431;10;1228;2
2432;6;3010;8
2433;10;1271;7
2434;20;2989;7
2435;8;4217;1
2436;18;584;9
2437;10;951;9
2438;12;2984;6
2439;22;1874;5
2440;27;3348;9
2441;18;3499;2
2442;25;3563;2
2443;4;1947;4
2444;29;944;6
2445;2;4950;1
2446;15;1942;2
2447;5;3510;4
2448;17;2087;9
2449;8;2665;8
2450;21;435;8
2451;19;3746;7
2452;29;1548;3
2453;15;2182;5
2454;7;3171;5
2455;16;4350;2
2456;17;2933;7
2457;1;4764;2
2458;18;2637;1
2459;7;3661;8
2460;8;3704;5
2461;19;3779;5
2462;5;1050;2
2463;26;2690;3
2464;26;2201;9
2465;16;816;1
2466;5;2476;1
2467;8;10;8
2468;30;70;6
2469;28;4108;2
2470;23;3953;4
2471;25;4192;10
2472;13;4135;3
2473;20;3969;8
2474;26;937;10
2475;16;4086;8
2476;26;3979;2
2477;17;4021;1
2478;28;69;8
2479;26;695;5
2480;15;4050;3
2481;28;4496;2
2482;21;2230;8
2483;3;298;4
2484;4;3079;4
2485;10;1850;6
2486;12;50;10
2487;29;4846;1
2488;14;3319;9
2489;21;3575;7
2490;30;4347;6
2491;1;2701;8
2492;19;510;3
2493;14;3575;8
2494;9;1138;2
2495;3;3313;3
2496;20;2166;9
2497;20;1881;1
2498;3;1030;8
2499;28;4682;1
2500;13;3766;6
2501;23;3798;2
2502;9;3929;7
2503;5;3273;2
2504;7;3429;8
2505;28;2143;3
2506;15;2723;2
2507;9;2715;9
2508;9;256;1
2509;16;2144;10
2510;8;2332;10
2511;24;4427;7
2512;14;1828;5
2513;24;4111;3
2514;6;421;4
2515;9;3820;7
2516;9;1720;6
2517;23;4137;7
2518;3;3200;9
2519;18;4455;4
2520;12;2216;2
2521;23;4336;5
2522;14;2021;5
2523;20;3949;10
2524;30;413;9
2525;21;3478;8
2526;8;2243;4
2527;25;2988;7
2528;25;1725;4
2529;2;2071;7
2530;3;4614;8
2531;21;3145;6
2532;27;4234;7
2533;15;3635;5
2534;2;4620;1
2535;28;562;10
2536;11;4564;2
2537;15;3424;1
2538;18;217;8
2539;15;3145;1
2540;27;4800;10
2541;11;710;9
2542;10;3488;9
2543;16;1603;9
2544;29;3950;10
2545;4;78;7
2546;18;968;5
2547;18;2587;6
2548;9;2903;6
2549;28;2474;3
2550;24;2954;1
2551;11;1123;9
2552;8;4806;5
2553;27;1383;10
2554;3;1867;4
2555;21;3711;8
2556;30;299;6
2557;20;4374;5
2558;24;1692;3
2559;12;4271;8
2560;14;1361;6
2561;12;4642;5
2562;6;3767;3
2563;5;4875;7
2564;13;1998;5
2565;19;2320;10
2566;19;3552;1
2567;15;2961;3
2568;26;4517;10
2569;4;360;4
2570;16;328;1
2571;4;4100;8
2572;19;4906;3
2573;10;1476;7
2574;22;2223;7
2575;17;1266;4
2576;2;3324;6
2577;18;4622;8
2578;22;3023;3
2579;12;711;1
2580;29;2124;1
2581;4;4238;4
2582;6;3103;3
2583;21;3757;5
2584;12;1276;8
2585;22;3543;8
2586;21;2055;1
2587;5;389;6
2588;17;4338;1
2589;13;138;2
2590;5;1523;8
2591;2;3517;8
2592;1;1431;7
2593;3;3113;1
2594;10;2392;2
2595;8;4026;9
2596;28;694;2
2597;7;742;7
2598;2;1261;8
2599;22;946;6
2600;22;1355;5
2601;11;3308;5
2602;14;3188;9
2603;24;541;10
2604;10;3043;9
2605;26;1967;10
2606;27;61;1
2607;27;4267;3
2608;10;2372;2
2609;17;1830;5
2610;29;3965;5
2611;13;4748;10
2612;8;3181;3
2613;27;1519;9
2614;14;1923;6
2615;7;2041;1
2616;25;2476;8
2617;10;3048;2
2618;19;3595;5
2619;15;241;7
2620;12;1624;1
2621;21;4708;2
2622;19;3391;5
2623;28;1809;9
2624;29;4431;6
2625;29;3641;6
2626;17;2334;6
2627;5;1088;5
2628;16;709;4
2629;2;2997;10
2630;18;1809;4
2631;8;2656;4
2632;23;2644;4
2633;27;4809;5
2634;12;4198;7
2635;7;3563;4
2636;4;1742;4
2637;16;1067;6
2638;18;3692;10
2639;28;557;5
2640;8;3880;8
2641;11;3864;1
2642;16;4019;3
2643;15;4305;8
2644;20;2118;9
2645;14;4877;8
2646;5;4852;2
2647;4;3354;7
2648;15;992;8
2649;12;4259;2
2650;9;2506;1
2651;19;743;3
2652;30;2986;9
2653;3;132;4
2654;21;750;5
2655;28;709;8
2656;29;703;6
2657;14;3274;6
2658;30;4093;1
2659;11;4379;4
2660;25;1107;10
2661;26;1400;7
2662;21;1054;2
2663;4;2551;7
2664;10;391;3
2665;4;3957;2
2666;15;1309;5
2667;22;169;4
2668;15;3189;3
2669;9;2345;1
2670;30;1682;10
2671;28;2656;6
2672;15;4718;2
2673;28;1654;10
2674;10;1888;4
2675;24;226;4
2676;29;4969;8
2677;8;1655;2
2678;20;2928;10
2679;28;360;1
2680;4;818;9
2681;28;4078;9
2682;22;2143;6
2683;21;3697;7
2684;26;1925;4
2685;10;4012;1
2686;2;4661;7
2687;15;3412;8
2688;27;2782;2
2689;30;717;5
2690;7;2910;9
2691;16;2243;5
2692;19;1448;3
2693;30;2506;5
2694;20;2803;3
2695;18;684;1
2696;26;1407;5
2697;10;1815;8
2698;11;2874;7
2699;4;3851;6
2700;14;4277;10
2701;19;1262;1
2702;26;4583;8
2703;28;434;6
2704;18;4454;4
2705;27;1244;10
2706;12;518;1
2707;14;2095;4
2708;8;2522;8
2709;23;80;5
2710;22;422;9
2711;29;4847;1
2712;20;2562;5
2713;6;4190;5
2714;21;1726;3
2715;13;2090;3
2716;4;3422;9
2717;13;1541;3
2718;14;4898;5
2719;12;463;9
2720;18;682;4
2721;27;1027;3
2722;3;4078;9
2723;17;3768;5
2724;28;2179;4
2725;17;2388;1
2726;20;3399;2
2727;26;4103;2
2728;19;2737;10
2729;9;1585;7
2730;17;3704;10
2731;6;4707;5
2732;6;3395;1
2733;27;972;2
2734;16;4201;2
2735;1;498;3
2736;23;1681;1
2737;1;1517;9
2738;21;1113;6
2739;6;494;7
2740;1;52;5
2741;3;4552;3
2742;12;4144;10
2743;16;3609;5
2744;20;1140;4
2745;19;4626;4
2746;21;2423;5
2747;9;405;7
2748;2;62;8
2749;28;1186;2
2750;17;362;2
2751;30;2622;8
2752;7;2061;8
2753;22;3548;5
2754;23;1582;10
2755;28;3184;4
2756;18;4213;10
2757;13;4571;6
2758;16;2604;1
2759;20;2741;5
2760;28;3906;2
2761;23;585;4
2762;24;3352;2
2763;17;2977;10
2764;26;2240;8
2765;13;2800;2
2766;3;1665;7
2767;13;4736;2
2768;18;4712;10
2769;17;1886;5
2770;11;1273;9
2771;29;3036;7
2772;10;3273;3
2773;20;2537;9
2774;19;3753;9
2775;10;174;2
2776;17;666;1
2777;7;4291;10
2778;16;1478;8
2779;14;1462;5
2780;15;1073;9
2781;24;2586;2
2782;15;1147;7
2783;8;2831;2
2784;23;1349;7
2785;19;679;5
2786;2;2971;8
2787;27;3295;2
2788;29;1532;8
2789;4;2910;10
2790;30;1662;10
2791;20;4796;4
2792;29;1522;10
2793;5;2858;7
2794;1;3285;8
2795;13;2848;3
2796;25;2467;4
2797;29;1712;2
2798;23;3965;2
2799;23;1099;4
2800;13;3316;10
2801;29;4955;6
2802;25;4033;5
2803;10;555;5
2804;9;4077;6
2805;1;2146;10
2806;28;526;3
2807;13;2645;6
2808;24;244;10
2809;20;1063;8
2810;22;3349;5
2811;1;665;6
2812;8;4341;3
2813;22;1379;3
2814;2;983;5
2815;25;775;6
2816;16;4993;5
2817;4;3329;5
2818;4;3147;7
2819;4;1852;5
2820;9;4554;2
2821;5;3515;2
2822;18;2669;8
2823;9;2548;1
2824;9;1617;5
2825;29;4925;9
2826;5;3724;5
2827;8;3950;3
2828;16;3996;7
2829;13;4945;2
2830;26;722;1
2831;22;3813;1
2832;26;2019;5
2833;3;2366;1
2834;15;4885;9
2835;17;2328;3
2836;8;3421;8
2837;21;2692;2
2838;15;2285;8
2839;26;3081;2
2840;22;3295;4
2841;28;2607;8
2842;27;4999;5
2843;21;275;6
2844;26;721;10
2845;12;3271;1
2846;29;446;6
2847;20;1628;7
2848;6;4430;9
2849;28;2115;3
2850;4;1286;7
2851;8;2017;9
2852;19;2964;6
2853;7;4212;6
2854;19;526;9
2855;5;385;10
2856;4;1029;1
2857;19;551;1
2858;6;2097;9
2859;26;4146;3
2860;24;419;4
2861;7;2923;5
2862;28;4235;10
2863;22;672;9
2864;29;2600;7
2865;20;697;8
2866;28;1297;3
2867;28;3883;10
2868;23;2058;3
2869;20;4950;2
2870;2;389;6
2871;11;3614;3
2872;15;2045;10
2873;26;1593;2
2874;18;302;7
2875;5;1411;8
2876;16;359;9
2877;23;4996;4
2878;18;2723;10
2879;19;4114;4
2880;16;1457;5
2881;10;553;4
2882;9;2151;5
2883;7;1373;3
2884;7;1140;1
2885;6;2016;7
2886;7;2826;5
2887;15;1570;5
2888;25;4842;5
2889;9;1424;6
2890;17;2097;4
2891;12;2195;10
2892;4;3392;4
2893;18;398;1
2894;27;1296;6
2895;9;3698;3
2896;14;4394;8
2897;27;545;3
2898;8;3535;5
2899;21;3288;3
2900;14;31;2
2901;30;696;5
2902;9;537;10
2903;16;342;4
2904;1;501;4
2905;28;1291;8
2906;24;13;2
2907;30;2728;7
2908;8;642;7
2909;2;1996;7
2910;26;2418;1
2911;18;3500;7
2912;3;3186;5
2913;21;3630;6
2914;9;2845;9
2915;6;1398;9
2916;26;3156;7
2917;6;4674;1
2918;7;1826;6
2919;8;4008;3
2920;11;1698;9
2921;11;1465;5
2922;23;3065;10
2923;15;2892;9
2924;13;3177;5
2925;22;567;9
2926;26;980;8
2927;6;3732;7
2928;22;2292;9
2929;27;4664;8
2930;24;3856;4
2931;7;4555;6
2932;11;847;1
2933;8;3753;8
2934;29;2306;3
2935;3;3675;1
2936;28;3777;10
2937;24;1568;6
2938;5;1723;9
2939;21;1385;8
2940;3;4982;8
2941;12;550;10
2942;18;1383;5
2943;15;2695;8
2944;23;554;3
2945;19;4028;1
2946;3;1951;9
2947;14;1109;7
2948;23;1024;2
2949;26;2553;8
2950;24;3619;8
2951;19;2117;6
2952;20;190;1
2953;29;2134;10
2954;16;2943;10
2955;19;4991;9
2956;21;937;7
2957;26;2514;9
2958;18;3897;10
2959;28;284;7
2960;26;3786;9
2961;3;1250;5
2962;18;4872;7
2963;18;1723;3
2964;30;3810;10
2965;20;726;1
2966;7;4978;4
2967;25;3284;10
2968;9;3726;8
2969;8;898;6
2970;9;1420;7
2971;7;817;10
2972;9;3928;1
2973;18;4454;1
2974;23;1484;9
2975;4;4639;8
2976;14;4956;2
2977;20;4738;9
2978;19;2675;8
2979;22;517;9
2980;1;2612;10
2981;4;2139;8
2982;26;4351;2
2983;27;4630;4
2984;4;1325;5
2985;14;3603;7
2986;27;2578;4
2987;4;2763;7
2988;10;1759;2
2989;29;1759;2
2990;22;2578;6
2991;19;1076;1
2992;24;1374;3
2993;13;3845;2
2994;19;2925;9
2995;19;309;2
2996;30;3281;9
2997;12;3217;10
2998;8;833;3
2999;4;981;9
3000;22;2764;2
3001;16;2685;8
3002;26;3293;4
3003;6;3576;3
3004;22;4299;9
3005;26;3032;3
3006;26;3267;8
3007;3;2027;5
3008;8;4086;7
3009;27;4361;7
3010;7;4892;4
3011;12;311;8
3012;17;2815;8
3013;16;2236;6
3014;14;4101;2
3015;5;1001;1
3016;28;4670;7
3017;17;1193;10
3018;16;3048;3
3019;2;1981;9
3020;15;139;8
3021;4;2597;8
3022;17;4250;4
3023;8;2949;8
3024;10;1890;4
3025;9;4856;4
3026;16;4452;4
3027;16;3370;2
3028;22;4146;6
3029;24;4855;5
3030;9;674;6
3031;25;317;3
3032;21;2124;2
3033;23;1118;5
3034;28;652;4
3035;10;2374;3
3036;12;4781;2
3037;26;3807;5
3038;19;3777;5
3039;28;635;9
3040;3;2054;3
3041;29;2803;9
3042;5;4490;1
3043;26;3766;5
3044;30;4200;8
3045;6;4412;7
3046;5;2144;5
3047;5;4590;5
3048;3;1083;3
3049;9;2415;6
3050;22;3;9
3051;7;3142;10
3052;7;2440;1
3053;23;853;8
3054;15;2552;6
3055;1;1757;5
3056;17;148;9
3057;27;4100;7
3058;24;4342;1
3059;28;4138;9
3060;15;715;3
3061;28;920;7
3062;24;2597;10
3063;4;4152;7
3064;20;2247;1
3065;8;690;8
3066;1;641;5
3067;30;2041;9
3068;19;2775;9
3069;30;2909;6
3070;28;4977;8
3071;30;4456;3
3072;21;3347;3
3073;7;552;8
3074;30;2889;5
3075;3;3096;4
3076;25;3665;1
3077;18;1936;5
3078;16;1324;6
3079;10;121;7
3080;12;2229;5
3081;29;1646;5
3082;12;1535;4
3083;7;544;9
3084;17;4561;2
3085;5;3193;6
3086;20;1946;5
3087;17;3241;5
3088;21;1669;1
3089;22;1461;6
3090;18;4112;2
3091;18;1300;5
3092;28;892;8
3093;15;1146;2
3094;18;518;6
3095;15;3448;2
3096;29;869;9
3097;25;2020;10
3098;21;3492;10
3099;2;504;10
3100;8;2055;10
3101;6;437;6
3102;25;2362;1
3103;4;1568;1
3104;14;608;9
3105;23;2039;9
3106;13;650;2
3107;11;3882;4
3108;11;3006;10
3109;6;1614;8
3110;16;2712;4
3111;10;4112;8
3112;14;2593;5
3113;9;1818;4
3114;11;1340;4
3115;7;3535;1
3116;14;4199;7
3117;16;1150;1
3118;1;4498;8
3119;23;3983;8
3120;10;1077;6
3121;21;4229;6
3122;19;2968;6
3123;5;3160;3
3124;25;2070;10
3125;9;1952;8
3126;6;524;6
3127;30;781;9
3128;9;4207;2
3129;13;3194;2
3130;16;4453;7
3131;9;3849;10
3132;13;415;9
3133;11;37;4
3134;26;4010;3
3135;5;3928;3
3136;8;229;6
3137;19;1205;8
3138;12;2291;5
3139;17;388;8
3140;4;2502;3
3141;3;4188;8
3142;9;1012;6
3143;11;1630;10
3144;30;4582;8
3145;24;4114;1
3146;19;2503;1
3147;26;3267;4
3148;18;838;2
3149;21;3125;8
3150;6;4464;1
3151;27;1727;5
3152;21;246;10
3153;27;1282;2
3154;11;4626;7
3155;24;818;2
3156;27;1161;2
3157;21;2165;1
3158;27;805;10
3159;20;1983;2
3160;9;1118;5
3161;20;4632;2
3162;8;4455;5
3163;14;4258;9
3164;17;4656;3
3165;7;1626;5
3166;10;1041;4
3167;15;2837;1
3168;2;4443;6
3169;26;3502;10
3170;30;1702;7
3171;23;1759;2
3172;25;1263;6
3173;30;1574;9
3174;3;2441;9
3175;10;446;5
3176;2;4862;6
3177;8;1756;9
3178;18;2168;8
3179;14;197;5
3180;2;2000;3
3181;25;1880;3
3182;7;3106;7
3183;11;3769;7
3184;23;3508;3
3185;28;3086;9
3186;4;3977;3
3187;12;424;1
3188;15;4278;5
3189;21;2640;9
3190;29;2316;8
3191;14;2201;6
3192;14;4461;9
3193;30;1309;5
3194;22;4834;7
3195;20;1143;6
3196;28;531;6
3197;26;1603;4
3198;8;2971;7
3199;22;451;8
3200;11;1747;5
3201;27;4780;2
3202;7;2419;5
3203;8;4858;9
3204;14;4331;9
3205;15;4508;4
3206;6;3208;5
3207;19;3839;4
3208;29;3102;7
3209;12;4368;4
3210;4;727;1
3211;4;4863;5
3212;3;2999;10
3213;11;2932;2
3214;28;2630;7
3215;13;2367;9
3216;1;3422;9
3217;4;1161;10
3218;5;969;5
3219;22;753;5
3220;24;247;6
3221;22;2893;4
3222;14;1290;3
3223;15;2019;10
3224;23;2351;3
3225;26;2972;2
3226;3;1989;10
3227;16;2620;9
3228;22;4794;5
3229;11;4594;2
3230;5;3968;3
3231;23;1123;8
3232;25;2738;8
3233;12;1735;9
3234;4;2826;7
3235;16;4775;5
3236;18;2867;9
3237;19;2661;4
3238;1;417;10
3239;21;1935;7
3240;24;3402;2
3241;22;4686;3
3242;24;3876;5
3243;27;889;4
3244;18;967;1
3245;13;3581;4
3246;4;312;2
3247;20;961;2
3248;1;1444;3
3249;16;873;9
3250;14;2309;4
3251;9;4166;8
3252;15;2841;10
3253;20;4314;4
3254;23;697;4
3255;30;175;10
3256;13;2015;10
3257;21;1753;1
3258;28;187;8
3259;2;803;7
3260;26;2575;6
3261;6;1179;6
3262;21;1569;7
3263;13;2328;10
3264;23;2633;3
3265;12;1032;2
3266;16;978;4
3267;25;1063;2
3268;24;2630;10
3269;5;361;3
3270;25;3102;2
3271;20;2042;5
3272;28;915;1
3273;7;3462;7
3274;7;2674;7
3275;19;1138;1
3276;19;1581;1
3277;3;1252;7
3278;18;818;7
3279;15;4409;7
3280;19;3530;6
3281;25;107;8
3282;20;524;4
3283;27;3572;6
3284;8;296;7
3285;2;4403;6
3286;13;7;10
3287;12;895;9
3288;9;3369;6
3289;6;4376;3
3290;6;4685;2
3291;26;3426;9
3292;16;2620;3
3293;15;3012;5
3294;13;2698;10
3295;2;3580;7
3296;18;4304;6
3297;8;63;2
3298;10;320;2
3299;19;2349;5
3300;6;3677;9
3301;17;3537;3
3302;12;3155;6
3303;26;3022;7
3304;6;1712;7
3305;20;3160;5
3306;11;3448;7
3307;27;1578;2
3308;23;423;2
3309;8;732;6
3310;13;2521;2
3311;30;486;1
3312;5;24;7
3313;21;1043;9
3314;10;39;7
3315;26;146;1
3316;25;2803;9
3317;10;1454;10
3318;22;222;9
3319;7;1653;5
3320;8;1447;2
3321;21;2706;5
3322;6;3758;8
3323;2;1034;5
3324;19;2737;7
3325;13;655;10
3326;9;300;9
3327;16;1819;6
3328;25;365;6
3329;5;1042;9
3330;25;3669;3
3331;6;1592;5
3332;8;253;7
3333;20;2396;9
3334;25;711;5
3335;11;2538;3
3336;14;3787;6
3337;2;448;2
3338;13;3149;5
3339;6;23;1
3340;16;4132;7
3341;7;1593;7
3342;2;3972;4
3343;5;3527;8
3344;18;26;5
3345;1;3136;1
3346;1;3355;9
3347;10;4583;1
3348;1;1395;3
3349;2;4574;5
3350;6;131;10
3351;13;4716;1
3352;21;921;4
3353;21;1847;10
3354;10;539;3
3355;10;2765;10
3356;14;2389;1
3357;16;717;3
3358;22;3414;2
3359;22;367;3
3360;23;4193;3
3361;8;1570;5
3362;14;110;10
3363;30;3484;1
3364;28;1109;2
3365;25;3208;4
3366;26;3602;10
3367;25;1432;2
3368;6;3275;9
3369;13;1983;3
3370;3;903;5
3371;28;1980;1
3372;21;149;1
3373;30;4804;8
3374;8;664;10
3375;15;3426;2
3376;11;872;2
3377;12;4245;3
3378;15;1069;5
3379;5;4162;9
3380;13;4996;8
3381;30;2888;7
3382;17;217;3
3383;25;4557;5
3384;27;2842;2
3385;13;126;10
3386;11;2101;7
3387;27;1869;1
3388;17;2090;1
3389;15;4739;4
3390;25;3807;6
3391;14;4056;2
3392;1;2749;6
3393;3;2025;4
3394;2;170;7
3395;20;3383;8
3396;7;2385;9
3397;2;4337;6
3398;12;2663;7
3399;25;3697;7
3400;21;4655;9
3401;10;2873;4
3402;2;3675;5
3403;11;1890;3
3404;2;4786;8
3405;16;4990;1
3406;7;473;7
3407;30;4239;7
3408;6;4115;6
3409;14;1217;2
3410;14;1705;7
3411;28;4637;2
3412;2;642;10
3413;27;2796;1
3414;11;3815;10
3415;11;2599;3
3416;16;1620;5
3417;7;4028;5
3418;8;4560;7
3419;8;2704;5
3420;30;1106;7
3421;4;4244;5
3422;23;3496;8
3423;15;4818;5
3424;29;3803;4
3425;24;711;9
3426;16;4186;5
3427;6;771;8
3428;15;3445;1
3429;19;3927;7
3430;22;4314;10
3431;9;3915;4
3432;24;4212;3
3433;25;4182;8
3434;23;960;5
3435;15;581;8
3436;14;2511;7
3437;11;908;3
3438;2;1214;10
3439;11;3252;2
3440;21;3454;7
3441;12;3178;4
3442;2;2071;10
3443;6;157;8
3444;30;4296;1
3445;28;513;9
3446;10;345;5
3447;29;4584;1
3448;14;4401;6
3449;20;1676;5
3450;20;3683;4
3451;28;1068;7
3452;30;1212;5
3453;24;2228;1
3454;14;4959;1
3455;18;2065;7
3456;6;3870;10
3457;27;4125;1
3458;3;4511;7
3459;6;2235;4
3460;3;3678;5
3461;13;1781;5
3462;26;2615;4
3463;30;112;8
3464;20;4622;9
3465;17;1681;8
3466;13;2105;10
3467;27;1798;4
3468;13;4068;5
3469;10;622;6
3470;21;3637;5
3471;24;2254;3
3472;28;4067;4
3473;26;1923;4
3474;27;2295;6
3475;10;4593;5
3476;4;1473;8
3477;25;2300;3
3478;2;3416;5
3479;8;124;7
3480;29;3827;7
3481;4;4076;7
3482;12;3712;5
3483;15;3348;2
3484;25;2732;3
3485;25;1357;4
3486;14;1240;7
3487;16;3249;9
3488;18;1779;1
3489;17;3059;1
3490;28;4620;6
3491;8;2350;3
3492;14;1924;4
3493;19;2140;8
3494;8;3974;8
3495;6;2943;3
3496;1;138;5
3497;18;2090;1
3498;15;312;10
3499;2;611;1
3500;17;2506;8
3501;7;3184;5
3502;25;4732;1
3503;4;1095;10
3504;30;164;6
3505;19;3526;2
3506;14;1585;2
3507;16;4790;9
3508;22;4583;4
3509;3;1192;1
3510;13;69;2
3511;21;2210;8
3512;27;3903;6
3513;15;4669;7
3514;13;3345;2
3515;14;4262;7
3516;15;2229;2
3517;13;1682;1
3518;10;4025;4
3519;15;2139;4
3520;2;4060;2
3521;7;4079;7
3522;29;4074;8
3523;6;3604;9
3524;13;40;5
3525;11;2845;7
3526;26;2608;8
3527;6;3820;1
3528;10;3335;8
3529;2;2546;4
3530;26;1992;7
3531;18;590;4
3532;13;4402;7
3533;10;4497;9
3534;21;2956;9
3535;15;4661;7
3536;6;4548;8
3537;20;2119;1
3538;22;4221;3
3539;21;162;1
3540;23;4913;3
3541;9;2354;2
3542;4;1357;2
3543;17;3396;4
3544;3;2540;9
3545;20;4207;2
3546;13;4713;1
3547;22;675;8
3548;5;4387;10
3549;1;1494;1
3550;4;4677;5
3551;16;1224;10
3552;27;4352;10
3553;12;2082;9
3554;20;3418;7
3555;30;3655;6
3556;22;1437;4
3557;23;53;10
3558;11;1683;4
3559;15;3342;1
3560;24;711;6
3561;23;1195;6
3562;15;3628;3
3563;21;1093;1
3564;8;1787;8
3565;1;1077;9
3566;6;2133;5
3567;14;1070;7
3568;21;1965;10
3569;1;1694;8
3570;20;3562;1
3571;15;2002;9
3572;23;3662;5
3573;21;2711;4
3574;11;3284;1
3575;26;3009;10
3576;4;3403;7
3577;9;17;8
3578;29;4397;1
3579;14;3185;5
3580;13;4953;5
3581;6;1813;3
3582;3;4404;2
3583;14;3781;6
3584;22;2422;8
3585;3;397;10
3586;30;3804;3
3587;3;2150;5
3588;3;3286;10
3589;18;912;9
3590;17;3804;7
3591;10;4510;8
3592;2;2583;7
3593;6;4890;2
3594;17;4873;2
3595;26;4903;1
3596;7;1054;7
3597;16;2676;4
3598;22;3035;2
3599;20;821;6
3600;10;4625;8
3601;9;2051;1
3602;9;2279;7
3603;12;2716;5
3604;28;4518;4
3605;17;3263;7
3606;3;177;5
3607;6;2872;6
3608;8;4998;7
3609;22;2644;8
3610;12;1714;1
3611;30;2624;2
3612;23;1369;6
3613;25;4022;5
3614;20;4685;4
3615;30;4382;4
3616;4;3894;8
3617;7;2751;9
3618;2;2138;7
3619;11;599;1
3620;30;827;10
3621;2;4938;6
3622;9;1602;5
3623;7;74;3
3624;20;376;6
3625;6;1498;1
3626;17;4488;1
3627;4;783;6
3628;11;4944;1
3629;24;3538;5
3630;5;1837;9
3631;16;218;1
3632;17;123;6
3633;8;4767;3
3634;10;1438;7
3635;10;4524;6
3636;29;4678;9
3637;17;1183;5
3638;22;3826;9
3639;8;3370;8
3640;21;3575;4
3641;6;4098;9
3642;15;1909;7
3643;9;1481;9
3644;6;2207;1
3645;3;4147;6
3646;8;3456;6
3647;22;3662;2
3648;17;1253;8
3649;12;2849;6
3650;21;4453;7
3651;15;2735;5
3652;23;1540;10
3653;18;2121;8
3654;6;3034;8
3655;27;4935;3
3656;28;2487;1
3657;2;3683;6
3658;16;1492;2
3659;3;3493;2
3660;24;3860;7
3661;30;3705;5
3662;20;4403;10
3663;18;4861;1
3664;10;177;7
3665;27;1247;2
3666;29;4916;4
3667;28;1245;8
3668;13;2436;9
3669;4;3622;1
3670;24;584;7
3671;3;326;10
3672;21;4923;5
3673;23;2485;8
3674;5;1835;4
3675;24;4275;6
3676;7;4670;4
3677;3;4451;6
3678;9;2715;6
3679;14;3993;1
3680;19;2831;1
3681;5;3477;4
3682;28;4093;4
3683;19;3125;5
3684;7;4201;6
3685;22;3724;10
3686;19;1639;3
3687;13;452;3
3688;27;2244;1
3689;11;229;5
3690;14;1936;5
3691;19;494;7
3692;24;4120;4
3693;26;659;2
3694;6;2532;8
3695;18;4510;1
3696;16;2632;4
3697;3;698;3
3698;13;4967;4
3699;10;3954;2
3700;30;1924;7
3701;15;4513;1
3702;21;4952;1
3703;8;3292;3
3704;10;1626;2
3705;8;2144;1
3706;28;4277;1
3707;17;1702;5
3708;9;2882;4
3709;12;940;10
3710;16;4801;10
3711;13;4106;10
3712;11;4640;3
3713;8;4426;2
3714;23;3678;5
3715;17;853;1
3716;2;3456;7
3717;20;3674;10
3718;13;396;6
3719;26;2816;3
3720;11;2929;4
3721;25;762;10
3722;18;1892;4
3723;23;177;7
3724;9;755;10
3725;22;3427;1
3726;13;4096;2
3727;16;2072;1
3728;14;3990;8
3729;2;4008;10
3730;9;3990;9
3731;21;631;1
3732;25;2983;3
3733;22;847;6
3734;4;4402;5
3735;7;879;3
3736;4;4752;6
3737;24;2083;1
3738;13;438;10
3739;25;2564;7
3740;11;2086;9
3741;22;1447;10
3742;27;2060;10
3743;14;3618;7
3744;20;4081;6
3745;27;4844;4
3746;28;1889;7
3747;20;1899;7
3748;24;1844;3
3749;6;1559;8
3750;26;4673;1
3751;24;3674;7
3752;17;769;4
3753;17;3621;3
3754;13;4524;10
3755;20;2893;2
3756;11;4639;5
3757;4;4684;1
3758;4;4533;7
3759;25;4297;7
3760;17;4558;2
3761;17;1761;1
3762;18;883;5
3763;4;955;9
3764;6;4307;1
3765;5;638;5
3766;27;3788;4
3767;10;2453;8
3768;11;4632;10
3769;11;3224;3
3770;9;4692;10
3771;8;287;3
3772;30;818;9
3773;13;3050;4
3774;26;3742;8
3775;29;1141;10
3776;3;4028;5
3777;27;3695;1
3778;15;2801;9
3779;4;3080;4
3780;22;3336;3
3781;21;4291;4
3782;25;4022;1
3783;2;814;9
3784;25;2485;8
3785;27;4629;6
3786;7;1799;10
3787;26;3005;6
3788;19;1106;10
3789;1;615;6
3790;24;4406;4
3791;10;674;1
3792;24;2077;6
3793;21;3997;10
3794;4;2631;7
3795;17;3988;2
3796;21;4923;7
3797;29;596;8
3798;27;3990;6
3799;11;3324;10
3800;10;4498;9
3801;24;2811;10
3802;1;1165;8
3803;27;383;4
3804;22;4250;8
3805;15;3222;5
3806;13;1138;7
3807;22;3851;3
3808;5;4770;3
3809;22;2203;8
3810;4;1046;4
3811;6;343;1
3812;21;4984;8
3813;4;2989;5
3814;11;3642;2
3815;30;776;1
3816;27;2933;6
3817;2;4879;7
3818;24;1362;4
3819;23;4937;2
3820;26;1002;8
3821;26;3279;6
3822;3;986;1
3823;12;18;3
3824;28;4943;8
3825;7;925;2
3826;11;4133;3
3827;16;409;2
3828;29;1010;6
3829;4;4091;2
3830;29;3726;1
3831;10;4847;9
3832;24;1782;4
3833;17;4764;6
3834;18;727;9
3835;15;3895;9
3836;8;1849;9
3837;25;881;2
3838;27;2829;5
3839;21;3326;7
3840;22;4011;2
3841;10;4445;10
3842;18;666;1
3843;30;2796;10
3844;23;1719;7
3845;5;523;5
3846;13;2564;10
3847;21;2805;2
3848;22;1507;1
3849;27;4361;9
3850;25;3265;9
3851;1;1496;5
3852;28;4436;2
3853;15;1722;6
3854;9;3749;3
3855;21;3395;10
3856;21;810;10
3857;11;2933;6
3858;9;3433;7
3859;26;1387;4
3860;5;4770;10
3861;3;3985;9
3862;6;2667;3
3863;26;854;3
3864;20;1828;5
3865;6;615;2
3866;9;259;6
3867;7;2436;6
3868;14;1502;5
3869;14;4287;3
3870;19;4666;2
3871;1;2169;6
3872;2;2486;10
3873;14;863;4
3874;17;4723;5
3875;28;2477;9
3876;28;2924;5
3877;22;18;9
3878;24;2363;5
3879;18;1255;5
3880;18;4289;9
3881;15;2487;1
3882;26;2963;6
3883;24;4104;4
3884;19;70;6
3885;5;1766;6
3886;23;808;6
3887;13;336;9
3888;6;16;5
3889;28;3500;7
3890;12;3780;6
3891;13;3544;10
3892;6;3946;7
3893;8;3274;7
3894;3;4322;3
3895;9;4129;3
3896;13;2128;10
3897;19;3136;8
3898;27;2976;6
3899;23;1780;9
3900;19;3213;4
3901;21;760;8
3902;18;4983;9
3903;29;2391;6
3904;10;1049;2
3905;16;3782;8
3906;29;1720;10
3907;30;2564;5
3908;4;1336;9
3909;27;4030;1
3910;19;815;8
3911;5;4905;9
3912;19;3031;10
3913;12;3850;9
3914;16;2184;10
3915;9;3475;1
3916;10;455;2
3917;18;2101;5
3918;27;2338;2
3919;9;2700;7
3920;11;2589;8
3921;17;2532;10
3922;21;1636;5
3923;13;3411;6
3924;27;4578;3
3925;30;1078;2
3926;11;4659;2
3927;20;4038;4
3928;12;2806;8
3929;13;2824;4
3930;8;2905;9
3931;23;491;4
3932;18;2192;9
3933;14;1175;10
3934;22;4878;4
3935;28;3141;2
3936;21;2569;1
3937;26;2463;1
3938;22;2987;4
3939;8;702;5
3940;29;1869;10
3941;2;3654;9
3942;30;389;2
3943;17;883;1
3944;18;168;6
3945;3;1462;2
3946;20;4627;5
3947;23;2875;7
3948;22;4602;10
3949;14;3465;3
3950;23;1149;10
3951;24;367;8
3952;29;1335;7
3953;25;3741;3
3954;28;3341;7
3955;2;3517;2
3956;16;3977;2
3957;14;2560;8
3958;2;3031;2
3959;28;2769;6
3960;23;4747;4
3961;30;4121;2
3962;16;2187;4
3963;10;2534;4
3964;26;1785;6
3965;17;1906;2
3966;4;3687;3
3967;22;4419;9
3968;24;1728;4
3969;2;1298;7
3970;19;2738;1
3971;19;4080;8
3972;12;1364;8
3973;19;4881;3
3974;27;570;2
3975;9;1830;5
3976;28;442;1
3977;6;2498;9
3978;29;515;2
3979;9;1699;4
3980;7;2913;4
3981;7;3629;9
3982;6;1181;6
3983;28;3018;9
3984;13;748;1
3985;5;4929;5
3986;3;2602;1
3987;10;2854;1
3988;16;1471;6
3989;21;4960;5
3990;21;72;1
3991;21;1445;1
3992;18;1728;7
3993;11;1977;2
3994;6;1078;4
3995;21;3556;10
3996;9;3165;1
3997;28;720;6
3998;4;2712;6
3999;15;4806;10
4000;5;1827;3
4001;13;3188;4
4002;1;4625;9
4003;25;3839;2
4004;29;3171;9
4005;5;357;10
4006;7;945;2
4007;25;574;1
4008;27;1950;8
4009;2;2152;7
4010;1;3552;2
4011;21;4345;5
4012;13;4123;9
4013;6;242;5
4014;24;4033;2
4015;2;4626;1
4016;24;1599;8
4017;30;3732;4
4018;26;4168;4
4019;5;700;7
4020;22;3773;6
4021;14;2648;1
4022;23;3454;6
4023;23;135;5
4024;3;2058;9
4025;9;4509;1
4026;13;548;8
4027;14;1156;1
4028;7;4596;6
4029;15;2838;9
4030;21;2690;3
4031;4;3145;1
4032;6;940;1
4033;6;2197;3
4034;1;3445;10
4035;16;2692;10
4036;2;4357;8
4037;13;1332;9
4038;18;2010;1
4039;9;3321;4
4040;15;1301;4
4041;26;791;8
4042;26;208;9
4043;29;2645;2
4044;3;1429;6
4045;2;2552;7
4046;29;1306;5
4047;20;850;3
4048;22;4859;2
4049;5;161;9
4050;29;4257;4
4051;3;87;4
4052;1;184;9
4053;5;666;2
4054;11;1746;9
4055;30;2717;3
4056;16;3954;8
4057;6;4655;4
4058;19;152;2
4059;17;1282;7
4060;13;4900;6
4061;10;438;5
4062;16;1848;3
4063;25;3896;5
4064;29;1941;6
4065;13;869;7
4066;4;2386;10
4067;28;3858;3
4068;19;3275;1
4069;28;4212;6
4070;1;2560;2
4071;11;1619;7
4072;6;546;6
4073;27;3315;3
4074;3;810;1
4075;1;3907;6
4076;23;4551;2
4077;16;3437;1
4078;24;376;10
4079;12;728;6
4080;19;3920;8
4081;15;2896;4
4082;21;4560;10
4083;6;2741;6
4084;23;43;6
4085;27;1376;5
4086;25;276;8
4087;8;2284;1
4088;25;4622;8
4089;21;1352;1
4090;27;1712;9
4091;21;376;3
4092;13;3610;10
4093;11;3322;6
4094;19;1279;6
4095;11;1164;9
4096;26;1303;8
4097;2;2717;10
4098;26;4921;10
4099;15;2577;4
4100;30;670;10
4101;9;4092;3
4102;15;3111;1
4103;10;3019;8
4104;9;1529;10
4105;27;3717;7
4106;5;3407;7
4107;27;3097;3
4108;23;2762;8
4109;18;3929;4
4110;4;4351;4
4111;10;4287;5
4112;1;3937;6
4113;2;1311;6
4114;29;2259;3
4115;26;1545;3
4116;4;4033;4
4117;26;2935;7
4118;24;3898;10
4119;9;3642;8
4120;4;1096;1
4121;24;720;8
4122;27;3963;5
4123;20;2911;2
4124;7;3013;9
4125;27;2180;7
4126;26;2478;3
4127;17;2226;5
4128;23;468;8
4129;20;2982;2
4130;14;1450;9
4131;17;1238;5
4132;10;1826;2
4133;16;1148;3
4134;13;3280;1
4135;24;3929;5
4136;20;4478;8
4137;4;3926;6
4138;12;3943;2
4139;29;3204;2
4140;20;1071;1
4141;15;659;10
4142;3;1193;3
4143;6;4077;4
4144;30;1915;1
4145;2;4261;2
4146;9;4110;1
4147;27;1902;5
4148;11;3478;4
4149;27;1808;5
4150;27;1852;2
4151;28;1231;10
4152;16;4996;8
4153;23;1969;2
4154;19;3287;3
4155;8;2539;9
4156;26;3801;2
4157;29;2216;7
4158;14;2991;5
4159;2;3535;7
4160;8;1012;8
4161;9;1750;8
4162;4;1837;10
4163;5;1793;3
4164;26;1602;7
4165;18;734;8
4166;26;4705;7
4167;6;3764;9
4168;27;4398;8
4169;20;2453;3
4170;19;1480;4
4171;2;701;6
4172;17;96;10
4173;25;1294;3
4174;22;1382;5
4175;14;711;1
4176;3;2307;9
4177;30;2637;3
4178;13;2952;6
4179;6;2909;6
4180;30;4539;7
4181;30;1638;10
4182;17;3496;7
4183;26;1060;2
4184;4;3883;1
4185;19;1351;7
4186;24;4108;1
4187;11;4880;10
4188;7;28;6
4189;28;1836;6
4190;27;3704;9
4191;5;281;10
4192;23;2657;2
4193;21;3740;9
4194;3;715;2
4195;19;56;3
4196;7;1533;7
4197;11;4055;8
4198;5;4902;3
4199;26;3306;6
4200;13;2967;2
4201;6;4243;3
4202;19;3525;1
4203;25;3099;1
4204;28;2295;7
4205;11;4070;3
4206;28;266;8
4207;15;2759;7
4208;6;691;10
4209;1;2850;10
4210;13;4225;1
4211;4;4876;2
4212;24;4591;2
4213;22;1466;3
4214;5;2621;3
4215;26;4611;5
4216;9;310;9
4217;17;4487;2
4218;12;746;6
4219;20;4782;2
4220;24;3910;1
4221;20;3420;9
4222;19;2352;9
4223;17;2038;3
4224;20;2594;4
4225;22;4822;2
4226;14;1753;3
4227;19;3680;10
4228;23;1906;6
4229;8;1948;6
4230;23;4426;8
4231;27;2600;9
4232;28;2730;1
4233;29;1619;9
4234;2;2523;6
4235;1;798;4
4236;5;4051;10
4237;24;3054;9
4238;27;4849;8
4239;2;658;9
4240;15;1142;2
4241;3;1948;4
4242;24;3937;9
4243;9;1174;3
4244;18;2224;7
4245;17;3312;6
4246;25;99;3
4247;18;263;3
4248;15;3004;10
4249;20;4309;2
4250;17;2079;8
4251;1;3358;9
4252;10;58;9
4253;5;4690;9
4254;1;2407;2
4255;24;1039;7
4256;23;4273;2
4257;19;2194;9
4258;22;4146;8
4259;25;1938;3
4260;9;3596;10
4261;27;707;6
4262;17;1208;2
4263;24;2169;9
4264;23;2949;8
4265;3;1251;4
4266;2;4668;5
4267;12;3652;1
4268;16;2161;2
4269;10;3114;1
4270;2;3521;10
4271;28;452;2
4272;30;927;2
4273;27;654;3
4274;18;846;4
4275;5;136;5
4276;6;3509;9
4277;19;4575;1
4278;21;2243;5
4279;16;2840;3
4280;18;2399;4
4281;17;1115;3
4282;12;212;10
4283;17;2288;3
4284;2;4449;9
4285;23;243;10
4286;11;4061;1
4287;24;4410;3
4288;20;1203;6
4289;19;2338;4
4290;8;1247;2
4291;8;1742;10
4292;13;4375;5
4293;3;1986;2
4294;3;1129;4
4295;29;3395;8
4296;19;2408;10
4297;23;938;2
4298;14;4759;5
4299;7;2909;3
4300;29;1079;2
4301;21;3296;1
4302;23;1850;3
4303;14;1144;10
4304;29;2301;9
4305;17;1973;4
4306;3;575;2
4307;1;1319;7
4308;16;2996;10
4309;26;3459;7
4310;18;3365;6
4311;28;2172;10
4312;1;3239;3
4313;10;1497;9
4314;21;4385;9
4315;10;3322;5
4316;13;3627;9
4317;29;3337;5
4318;15;1257;5
4319;25;3235;5
4320;5;3102;5
4321;23;438;5
4322;16;4794;2
4323;19;1696;10
4324;29;1508;4
4325;6;1067;9
4326;3;3238;6
4327;7;1700;2
4328;1;39;2
4329;5;4338;9
4330;11;3625;8
4331;8;2759;6
4332;11;3474;2
4333;1;593;5
4334;29;4485;4
4335;6;3157;1
4336;12;2299;7
4337;5;4077;1
4338;2;1076;6
4339;21;3383;7
4340;1;1860;3
4341;7;4723;4
4342;25;4045;3
4343;8;3729;9
4344;25;2796;9
4345;22;140;3
4346;23;96;7
4347;5;3105;6
4348;17;3837;6
4349;11;1679;9
4350;10;4171;6
4351;29;2544;5
4352;20;2440;10
4353;1;837;1
4354;27;4109;2
4355;22;2157;8
4356;26;3773;10
4357;11;3846;1
4358;10;1301;6
4359;22;4386;8
4360;15;2649;7
4361;17;2259;5
4362;6;4199;5
4363;12;2308;3
4364;23;431;6
4365;17;3993;2
4366;11;1420;1
4367;17;262;3
4368;23;286;9
4369;20;1203;3
4370;12;2825;10
4371;21;3832;1
4372;6;3081;6
4373;30;368;3
4374;25;1609;2
4375;4;4512;8
4376;3;679;3
4377;17;1343;6
4378;19;4456;2
4379;29;1853;10
4380;25;397;10
4381;12;4703;7
4382;26;4489;7
4383;20;2425;10
4384;10;1368;3
4385;11;3981;3
4386;16;3257;3
4387;21;3246;10
4388;6;1382;6
4389;19;4275;8
4390;25;354;1
4391;24;1564;10
4392;7;1047;8
4393;10;4552;1
4394;24;4882;5
4395;2;2305;8
4396;13;3626;8
4397;11;1229;5
4398;16;1945;2
4399;17;3583;6
4400;26;3180;4
4401;11;59;4
4402;27;4007;10
4403;15;3222;5
4404;18;2410;9
4405;19;1054;3
4406;27;961;3
4407;28;4118;5
4408;26;928;9
4409;5;3548;8
4410;28;1425;8
4411;22;810;1
4412;14;4630;10
4413;13;4237;3
4414;15;1396;7
4415;29;3808;10
4416;28;2050;5
4417;28;1661;4
4418;26;3458;10
4419;29;2209;7
4420;2;3847;5
4421;13;3558;1
4422;30;2800;5
4423;18;2190;3
4424;4;4718;3
4425;8;3716;10
4426;3;951;2
4427;2;4494;3
4428;21;3416;4
4429;10;4693;5
4430;24;1885;4
4431;4;278;2
4432;13;4417;3
4433;1;3139;7
4434;5;4847;6
4435;16;518;1
4436;16;4346;1
4437;2;4917;1
4438;10;2349;9
4439;19;4242;8
4440;28;3267;8
4441;10;3438;9
4442;28;1731;3
4443;27;492;4
4444;26;2195;10
4445;12;3403;8
4446;18;2050;2
4447;19;4860;2
4448;16;2029;3
4449;13;104;10
4450;13;830;6
4451;11;201;1
4452;7;1558;2
4453;26;3699;1
4454;21;4021;7
4455;22;1898;9
4456;20;4751;3
4457;2;3922;3
4458;1;4450;10
4459;11;1331;8
4460;25;2204;5
4461;5;421;6
4462;11;1271;2
4463;5;2559;3
4464;18;1950;5
4465;22;563;8
4466;8;1338;3
4467;4;2004;8
4468;27;4109;9
4469;18;4240;7
4470;9;4481;5
4471;24;775;3
4472;2;3611;3
4473;6;3286;3
4474;18;1294;4
4475;21;4566;4
4476;3;1247;10
4477;10;2137;4
4478;15;3888;3
4479;25;4669;1
4480;10;2028;4
4481;24;4637;7
4482;2;736;6
4483;10;1391;1
4484;27;866;6
4485;20;4840;4
4486;30;715;7
4487;21;1294;5
4488;21;3348;10
4489;6;1920;7
4490;20;4233;4
4491;4;3535;3
4492;21;258;3
4493;15;3116;9
4494;22;2203;5
4495;6;4979;7
4496;6;4090;6
4497;7;856;5
4498;20;1007;4
4499;11;1641;1
4500;11;4144;9
4501;26;4303;7
4502;14;136;9
4503;16;1066;9
4504;24;4209;10
4505;21;3247;2
4506;10;2444;3
4507;24;2187;4
4508;25;159;10
4509;25;827;10
4510;6;685;10
4511;7;2853;5
4512;28;2911;8
4513;2;284;8
4514;28;4933;3
4515;9;249;10
4516;27;3198;2
4517;18;764;2
4518;8;1843;2
4519;21;1132;10
4520;28;924;8
4521;17;4514;3
4522;8;4096;3
4523;27;3412;5
4524;21;1763;5
4525;14;1342;3
4526;4;3717;4
4527;5;4857;7
4528;20;2241;4
4529;8;3050;2
4530;29;185;7
4531;16;4122;2
4532;16;3902;7
4533;14;3671;9
4534;16;740;6
4535;15;2755;4
4536;8;1644;2
4537;11;3208;9
4538;8;2401;7
4539;27;743;6
4540;18;214;10
4541;27;4147;5
4542;18;1249;8
4543;11;2706;4
4544;21;4333;3
4545;26;888;4
4546;26;4932;2
4547;20;4970;7
4548;19;3071;5
4549;24;2012;6
4550;5;3024;5
4551;19;2398;9
4552;2;2354;3
4553;18;1135;3
4554;10;3688;3
4555;21;588;8
4556;30;239;1
4557;6;3367;4
4558;3;2845;10
4559;18;3467;8
4560;9;3498;3
4561;18;1543;8
4562;12;519;8
4563;30;1985;4
4564;30;3234;4
4565;21;184;1
4566;15;1957;10
4567;24;4040;10
4568;5;2456;1
4569;9;3239;9
4570;6;242;5
4571;26;4;8
4572;18;3458;10
4573;17;623;1
4574;23;4368;7
4575;26;1566;8
4576;11;492;8
4577;30;4967;9
4578;17;251;4
4579;21;714;6
4580;3;4450;7
4581;21;2483;5
4582;13;2800;1
4583;13;1454;1
4584;8;4481;1
4585;26;187;3
4586;14;859;6
4587;10;70;2
4588;16;3141;4
4589;7;3139;7
4590;17;2139;9
4591;21;1405;9
4592;6;2314;6
4593;3;176;3
4594;7;3473;2
4595;21;124;10
4596;30;486;7
4597;5;1170;10
4598;8;2995;2
4599;5;703;2
4600;21;1443;5
4601;18;446;2
4602;8;1910;8
4603;9;2816;3
4604;20;604;5
4605;19;3409;8
4606;21;41;2
4607;12;536;4
4608;2;1052;2
4609;10;1947;4
4610;7;2663;6
4611;12;2268;9
4612;24;666;10
4613;6;4400;1
4614;11;1633;8
4615;30;662;9
4616;2;4342;8
4617;3;1413;1
4618;5;4587;6
4619;10;1066;6
4620;14;4395;5
4621;19;3707;7
4622;2;1732;1
4623;24;4702;1
4624;4;3581;3
4625;27;4540;3
4626;20;4603;9
4627;4;4851;3
4628;4;395;6
4629;19;1359;3
4630;17;2813;8
4631;20;1831;4
4632;6;3049;9
4633;8;306;8
4634;7;3722;4
4635;18;3047;7
4636;7;798;8
4637;13;1239;1
4638;28;112;4
4639;24;314;2
4640;4;3171;1
4641;6;1775;6
4642;4;550;3
4643;29;1154;1
4644;10;458;2
4645;27;2638;2
4646;6;1975;9
4647;16;4849;2
4648;18;9;4
4649;17;4706;1
4650;26;111;10
4651;29;3181;8
4652;1;281;6
4653;19;2148;6
4654;26;3020;7
4655;11;3236;1
4656;24;1659;3
4657;22;2410;9
4658;4;2616;7
4659;7;1476;2
4660;20;3828;1
4661;3;3853;4
4662;7;620;4
4663;16;2801;10
4664;24;2928;10
4665;4;2849;5
4666;22;4857;8
4667;13;3669;7
4668;24;3149;7
4669;17;2588;6
4670;21;1759;5
4671;1;4695;6
4672;20;1763;7
4673;12;3869;6
4674;6;4390;10
4675;16;1627;8
4676;14;858;1
4677;22;1656;3
4678;3;3918;9
4679;8;4348;1
4680;25;1436;8
4681;14;1058;3
4682;28;4429;9
4683;21;4748;5
4684;11;1109;7
4685;30;4038;2
4686;6;2920;2
4687;24;2558;6
4688;23;1500;5
4689;6;652;6
4690;12;601;1
4691;26;860;1
4692;15;2866;4
4693;15;3821;6
4694;25;2852;1
4695;11;1254;8
4696;24;881;2
4697;23;623;6
4698;28;1744;3
4699;12;3618;1
4700;18;2516;4
4701;30;3833;8
4702;20;4995;3
4703;30;2171;5
4704;19;465;3
4705;7;3744;9
4706;6;3856;5
4707;29;2015;5
4708;27;983;7
4709;20;3675;6
4710;22;2656;3
4711;6;2280;3
4712;21;1123;4
4713;20;1889;3
4714;24;3554;3
4715;18;4828;8
4716;24;673;5
4717;29;2678;5
4718;13;1258;10
4719;11;1025;5
4720;6;3334;6
4721;24;4758;5
4722;26;4542;5
4723;25;1856;5
4724;14;722;3
4725;26;2125;3
4726;16;3728;2
4727;18;4154;10
4728;8;280;5
4729;9;4079;8
4730;11;4754;8
4731;8;2129;5
4732;29;1208;10
4733;30;4497;1
4734;30;932;3
4735;6;2810;3
4736;30;2778;7
4737;4;1247;7
4738;11;3714;4
4739;1;4096;10
4740;18;532;10
4741;29;1908;2
4742;8;2666;8
4743;12;4049;7
4744;6;3112;4
4745;4;4928;10
4746;12;4904;7
4747;28;3869;2
4748;26;4530;1
4749;12;580;3
4750;2;285;1
4751;7;3194;1
4752;29;1844;9
4753;7;3909;9
4754;3;2590;1
4755;17;35;1
4756;25;1419;9
4757;27;4671;1
4758;9;4270;7
4759;1;3385;7
4760;16;2867;1
4761;25;2762;2
4762;7;4893;2
4763;14;2093;9
4764;29;4260;1
4765;21;3159;7
4766;11;2904;5
4767;12;1472;8
4768;10;261;1
4769;11;1919;6
4770;30;2902;6
4771;21;542;5
4772;6;46;7
4773;20;2539;4
4774;14;4148;1
4775;25;3547;5
4776;24;2163;2
4777;6;1535;8
4778;19;2652;6
4779;11;3254;9
4780;2;3646;4
4781;1;3801;5
4782;29;3650;6
4783;7;909;5
4784;16;1670;9
4785;13;1125;4
4786;1;692;10
4787;20;1355;4
4788;30;4507;9
4789;26;2359;5
4790;18;1912;7
4791;13;199;10
4792;10;2660;10
4793;26;2371;1
4794;23;2547;7
4795;14;3170;9
4796;28;2838;8
4797;6;1635;8
4798;20;2772;10
4799;11;1042;1
4800;6;4987;4
4801;2;2015;4
4802;9;3810;3
4803;27;3764;7
4804;4;1783;3
4805;11;775;1
4806;30;2277;10
4807;23;2992;9
4808;7;2530;4
4809;19;4821;9
4810;5;1239;1
4811;16;899;8
4812;9;82;10
4813;21;2562;5
4814;8;1582;5
4815;27;3062;2
4816;26;2578;1
4817;9;4981;3
4818;25;3908;1
4819;17;1961;2
4820;23;2872;4
4821;17;4617;1
4822;17;3280;4
4823;1;2607;6
4824;6;1629;1
4825;6;4041;8
4826;22;4038;5
4827;18;600;3
4828;29;2374;7
4829;2;75;10
4830;8;2612;4
4831;30;319;6
4832;1;2701;6
4833;7;3227;1
4834;16;1946;10
4835;1;1042;10
4836;22;4248;1
4837;30;2257;10
4838;20;849;2
4839;5;2191;3
4840;30;469;1
4841;9;363;8
4842;24;4347;10
4843;20;1086;8
4844;8;2719;6
4845;7;1585;9
4846;3;771;4
4847;23;3572;3
4848;4;4490;5
4849;24;663;5
4850;1;4788;9
4851;10;426;4
4852;18;2753;1
4853;9;533;6
4854;14;1373;2
4855;26;4574;2
4856;22;4458;3
4857;27;3549;1
4858;3;979;3
4859;28;2468;9
4860;18;2517;3
4861;26;3750;8
4862;3;4574;2
4863;1;3108;6
4864;6;3503;9
4865;21;883;8
4866;21;924;5
4867;16;594;3
4868;11;4315;6
4869;10;2611;7
4870;11;3933;4
4871;21;1074;9
4872;1;2272;7
4873;11;1222;4
4874;26;2294;8
4875;12;1042;7
4876;18;2193;6
4877;13;944;4
4878;20;3681;10
4879;12;696;8
4880;27;2963;5
4881;3;214;10
4882;1;2415;5
4883;1;3944;9
4884;15;461;9
4885;7;1223;8
4886;24;2648;7
4887;4;1697;8
4888;9;979;8
4889;11;498;5
4890;29;3304;7
4891;8;2585;8
4892;25;3021;6
4893;29;4905;8
4894;29;2473;5
4895;29;3966;6
4896;11;3855;1
4897;9;4973;10
4898;21;310;2
4899;9;3031;3
4900;27;3973;7
4901;3;673;7
4902;3;564;8
4903;3;1277;8
4904;21;3190;5
4905;17;4826;5
4906;21;3140;4
4907;13;4203;2
4908;17;2749;7
4909;25;2572;4
4910;15;2607;5
4911;16;1311;6
4912;5;4838;2
4913;15;1619;2
4914;12;3342;10
4915;30;543;6
4916;8;4388;10
4917;22;3218;10
4918;1;4554;4
4919;25;2662;8
4920;25;1939;3
4921;20;960;8
4922;25;1613;1
4923;27;1978;7
4924;12;4721;6
4925;17;4341;7
4926;29;1187;3
4927;10;2014;1
4928;15;4483;9
4929;13;1053;9
4930;25;4835;5
4931;13;1342;5
4932;10;444;3
4933;1;3338;6
4934;22;4541;6
4935;23;1711;2
4936;25;398;7
4937;30;4446;2
4938;2;4617;10
4939;30;2011;7
4940;18;4643;9
4941;24;2825;2
4942;17;224;6
4943;19;833;8
4944;10;2831;5
4945;17;3794;9
4946;15;4957;6
4947;21;423;3
4948;21;1961;2
4949;3;4581;8
4950;14;1819;6
4951;16;921;7
4952;18;2705;3
4953;20;3303;4
4954;17;1781;3
4955;18;2424;9
4956;4;3450;6
4957;27;4578;4
4958;4;2256;6
4959;1;3846;5
4960;23;2810;2
4961;27;3503;3
4962;18;4633;4
4963;25;4409;10
4964;22;1994;6
4965;1;4798;2
4966;11;1534;4
4967;27;2851;4
4968;3;793;2
4969;12;621;2
4970;29;4289;2
4971;20;1682;9
4972;3;1148;4
4973;29;4596;3
4974;11;2914;5
4975;28;2035;7
4976;24;3858;5
4977;6;3768;5
4978;30;1688;1
4979;17;3431;2
4980;23;1821;10
4981;7;4198;9
4982;2;4481;10
4983;3;1598;5
4984;18;1893;8
4985;9;3274;5
4986;15;701;4
4987;7;2565;1
4988;2;3013;5
4989;12;2097;1
4990;28;3219;10
4991;12;49;5
4992;15;2916;2
4993;24;4024;1
4994;26;187;9
4995;13;334;8
4996;14;3396;1
4997;8;1022;2
4998;22;2755;7
4999;5;2978;6
5000;1;370;3
